mk.names	chr	pos.ind	pos.cM	QTL.eff	R2.diff	adj.R2.diff	R2.sg	adj.R2.sg
PZE-101134204	1	460	83	par	4.27	3.88	6.69	5.36
PZE-104117192	4	460	101.6	par	4.59	4.22	5.89	4.54
PZE-105177818	5	544	129.1	biall	2.93	3.05	2.96	2.69
PZE-106047470	6	145	24.4	par	11.04	11.19	12.15	10.9
PZE-106109759	6	433	87.4	biall	2.26	2.32	1.58	1.31
PZE-107086784	7	329	77.6	biall	5.9	6.29	8.63	8.38
PZE-108038452	8	126	43.8	anc	5.76	5.81	8.6	7.82
PZE-109093779	9	344	71.6	par	3.8	3.37	7.86	6.54
PZE-110012098	10	50	32.3	par	7.67	7.55	8.18	6.87
