mk.names	chr	pos.ind	pos.cM	N	p.ts	p.vs	bias
PZE-101121405	1	62	77.8	37	8.3	3	0.6
PZE-101121742	1	63	78.1	6	8.8	2.8	0.7
PZE-101130213	1	66	81.6	1	6.8	-9.4	2.4
PZE-101134461	1	67	82.7	1	7.1	-3.6	1.5
PZE-102013863	2	12	18.7	3	3.5	2.8	0.2
PZE-103091851	3	48	61.9	1	7.8	-7.2	1.9
PZE-103103362	3	52	67.4	1	6.3	-7.3	2.2
PZE-103110852	3	57	72.4	4	8.1	-1.9	1.2
PZE-104106199	4	69	86.3	2	5.2	-1.5	1.3
PZE-104114085	4	79	98.2	1	5.1	-2.1	1.4
PZE-105180267	5	96	133.4	2	6.7	-6	1.9
PZE-105181381	5	97	134.6	3	4.5	-3.8	1.8
PZE-106000112	6	1	0	4	5.9	-1.4	1.2
PZE-106002839	6	3	2.9	1	3.6	1.5	0.6
PZE-106004871	6	5	5.2	1	15.4	-8.9	1.6
PZE-106006691	6	7	7.4	2	9.1	2	0.8
PZE-106020123	6	8	10	1	11.7	-8.4	1.7
PZE-106008513	6	9	11.3	1	15.5	4.4	0.7
PZE-106044028	6	10	12.4	1	11.6	-5.4	1.5
PZE-106038001	6	15	16.9	1	12.1	10.3	0.1
PZE-106041256	6	16	18.7	10	12.1	9.4	0.2
PZE-106046440	6	21	24.8	22	12.8	11.7	0.1
PZE-106046852	6	22	25.3	61	13.9	13.9	0
PZE-106066955	6	40	48.4	1	3.3	4.1	-0.2
PZE-107073106	7	49	66.3	1	3.8	-1.8	1.5
PZE-107076218	7	51	68.7	3	6.2	2.7	0.6
PZE-107078697	7	53	70.9	2	6.9	6	0.1
PZE-107085004	7	57	75.5	61	11.9	7.5	0.4
PZE-107093165	7	60	79	2	9.7	8.4	0.1
PZE-107118905	7	70	92.9	32	7.7	3.5	0.5
PZE-108011046	8	21	26.9	4	6.5	-0.3	1
PZE-108012648	8	23	29.4	1	3.3	0.7	0.8
PZE-108017470	8	28	37	10	10.1	4.5	0.6
PZE-108019862	8	30	39.3	2	6.3	2.8	0.6
PZE-108022547	8	32	42.6	18	10.3	3.9	0.6
PZE-108023009	8	33	42.9	2	10.1	9.6	0
PZE-108030712	8	34	44.9	39	10.3	7.9	0.2
PZE-108054494	8	39	50.5	17	8.1	2.1	0.7
PZE-109061069	9	43	53.9	1	6.5	0	1
PZE-109062079	9	45	56.1	1	9.7	-0.1	1
PZE0003716573	9	47	58.8	1	5.7	-5.9	2
PZE-109071755	9	48	59.8	6	7.3	-0.9	1.1
PZE-109076739	9	51	63.9	2	7.7	3.6	0.5
PZE-109080626	9	52	64.9	1	7.8	8.6	-0.1
PZB01432.2	9	53	65.7	1	7.4	-0.6	1.1
PZE-109093779	9	58	71.6	34	8.6	4.6	0.5
PZE-109092156	9	59	72.3	8	7	5.5	0.2
PZE-109096235	9	60	74.4	1	4.7	3.4	0.3
PZE-110009173	10	14	25.8	27	5	0.9	0.8
PZE-110009907	10	16	27.2	1	8.3	-6.3	1.8
PZE-110009551	10	18	29.4	3	8	-1.2	1.1
PZE-110013212	10	22	36.5	1	9.2	4	0.6
PZE-110013774	10	23	36.8	13	7.7	0.2	1
PZE-110060456	10	35	50.1	1	7.6	4	0.5
