mk.names	chr	pos.ind	pos.cM	N	p.ts	p.vs	bias
PZE-101028242	1	23	31.9	1	3.6	-3.6	2
PZE-101028104	1	25	33.4	1	4.1	-1	1.2
PZE-101122766	1	65	78.5	1	3.2	7.6	-1.4
PZE-101126806	1	66	79.4	1	5.1	4.7	0.1
PZE-101127101	1	67	80.5	1	3.5	0.3	0.9
PZE-101130213	1	68	81.6	1	7.1	1.5	0.8
PZE-101134523	1	69	83.4	2	4	4.7	-0.2
PZE-101140981	1	72	86.6	21	5.6	-1.4	1.2
PZE-101152935	1	79	94.9	1	5.4	-0.6	1.1
PZE-101154857	1	80	95.5	5	4.5	-2.7	1.6
PZE-101166480	1	84	101	1	7	1.3	0.8
PZE-101193133	1	107	127.1	2	2.6	-5.4	3.1
PZE-101219933	1	125	147.4	1	4.4	-5.7	2.3
PZE-102064002	2	44	60	5	4.5	-1.6	1.4
PZE-102116456	2	54	71.5	2	4	3.1	0.2
PZE-102120480	2	55	72.5	3	4.4	-2.6	1.6
PZE-103008756	3	12	20.7	3	2.6	-2.7	2
PZE-103070612	3	35	49.9	50	4.4	3	0.3
PZE-103103922	3	53	70.3	17	4.8	1.3	0.7
PZE-103110385	3	58	75.4	31	5.3	2.7	0.5
PZE-103122514	3	63	82.1	3	4.3	0.2	1
PZE-103123615	3	66	85.3	1	6	-1.8	1.3
PZE-103128590	3	71	91.3	1	2.8	-0.8	1.3
PZE-103183656	3	114	146.4	1	1.9	-1.7	1.9
PZE-104082907	4	47	60.9	10	4	-1.2	1.3
PZE-104084894	4	48	62.6	1	2.2	-5.7	3.6
PZE-104086186	4	49	63.1	2	3.4	-0.5	1.1
PZE-104092823	4	53	67.6	4	4.1	-2.6	1.6
PZE-104105165	4	68	84.6	19	5.1	1.7	0.7
PZE-104132510	4	87	108.3	39	5.8	3.1	0.5
PZE-104153704	4	102	126.5	2	2.8	0.7	0.8
PZE-104156379	4	106	132	7	2.8	-2.2	1.8
PZE-105061593	5	39	58.1	1	4.5	-0.4	1.1
PZE-105063667	5	41	60.8	23	4.4	0.4	0.9
PZA00626.3	5	42	61.9	2	4.3	-4.5	2
PZE-105070603	5	43	62.2	1	5.8	0.7	0.9
PZE-105172533	5	92	123	1	3.9	0.8	0.8
PZE-106000117	6	1	0	5	3.7	-3.9	2.1
PZE-106051814	6	26	31.1	2	4.5	-9.3	3.1
PZE-106060612	6	35	41.9	2	4.7	-2.3	1.5
PZE-106060733	6	36	42.3	1	3.8	-1.9	1.5
PZE-107063166	7	38	54.7	2	4.9	-5.4	2.1
PZE-107083378	7	53	72.7	8	6	5.4	0.1
PZE-107084721	7	57	77	24	7.6	6.4	0.2
PZE-107093975	7	58	77.7	20	7.6	4.7	0.4
PZE-107113484	7	66	88.2	32	8.1	5	0.4
PZE-107116723	7	68	91.6	5	6.5	4.6	0.3
PZE-107119249	7	71	95.1	8	5.9	3	0.5
PZE-108002130	8	3	3.3	11	3.4	2.7	0.2
PZE-108003848	8	6	7.9	4	2.5	0.2	0.9
PZE-108005561	8	10	14	2	5.6	2.8	0.5
PZE-108009299	8	16	22.4	1	2.8	5.4	-0.9
PZE-108009888	8	18	25.1	36	5.5	4.8	0.1
PZE-108012841	8	21	28.8	1	2.6	1.4	0.5
PZE-108013355	8	23	31.5	2	6.7	4.7	0.3
PZE-108016622	8	26	35.2	1	13.3	6.5	0.5
PZE-108017647	8	27	37	21	8.8	8.9	0
PZE-108018114	8	28	38.7	20	10.2	6.4	0.4
PZE-108019862	8	29	39.3	7	8.6	8	0.1
PZE-108025613	8	32	43.1	1	10.4	6.7	0.4
PZE-108042026	8	33	44.4	2	7.3	6.5	0.1
PZE-108042286	8	34	45.7	2	2.4	5.2	-1.2
PZE-108044274	8	35	46.7	23	4.1	4.7	-0.1
PZE-108048156	8	36	47.1	7	4.3	0.2	1
PZE-108055224	8	38	50.2	2	5.3	-1.8	1.3
PZE-108077298	8	55	69.1	2	2.8	-0.7	1.2
PZE-109024236	9	37	48	1	4.5	-10.1	3.2
PZE-109080508	9	53	65.4	94	7.5	6.7	0.1
PZE-110008028	10	11	22.6	5	6.3	1.7	0.7
PZE-110008044	10	12	23.9	42	6.1	2.8	0.5
PZE-110012221	10	18	30.6	2	7	-1.5	1.2
PZE-110011312	10	20	33.1	3	4.6	-5.8	2.3
PZE-110108403	10	70	103.5	1	3.6	-6.1	2.7
