mk.names	chr	pos.ind	pos.cM	N	p.ts	p.vs	bias
PZE-101219932	1	123	145.9	1	16.3	-4.1	1.3
PZE-101238451	1	135	159	1	12.9	3.2	0.8
PZE-101246660	1	140	166.2	1	7.4	7.8	-0.1
PZE-102024868	2	21	32.4	1	11.9	7.4	0.4
PZE-102029697	2	24	37.6	1	14.6	0.7	1
PZE-102039927	2	31	46.4	1	17.3	5.7	0.7
PZE-102058451	2	42	57.9	1	14.6	0.2	1
PZE-102064002	2	44	60	2	12.9	10	0.2
PZE-102067031	2	45	61.4	11	12.7	-3.9	1.3
PZE-102072547	2	46	62.6	1	15.9	-4.9	1.3
PZE-102145703	2	70	90.8	1	10.5	0.2	1
PZE-102148393	2	74	95	9	12.4	-0.3	1
PZE-102149548	2	75	95.5	3	14.5	-6.1	1.4
PZE-102159951	2	80	102	1	12.2	0.5	1
PZE-103042672	3	34	49	2	16.9	-1.8	1.1
PZE-103096999	3	47	63.8	1	15.9	-8.4	1.5
PZE-103097514	3	48	64.7	1	11.3	4.5	0.6
PZE-103102170	3	51	68.4	2	13.8	1.3	0.9
PZE-103107108	3	54	71.7	1	11.9	-2.9	1.2
PZE-103113298	3	57	74.3	1	15	13.8	0.1
PZE-103110385	3	58	75.4	1	8.4	3.7	0.6
PZE-103116584	3	60	78.9	2	13.2	14	-0.1
PZE-103119152	3	62	81.3	2	12.2	-9.6	1.8
PZE-103128590	3	71	91.3	1	21.1	1.4	0.9
PZE-103151398	3	88	110.9	1	9.8	-14.9	2.5
PZE-103154386	3	89	112.4	2	10.1	0.1	1
PZE-103181243	3	111	142.4	1	13.4	-4.5	1.3
PZE-105105267	5	46	65.9	8	12.9	2.6	0.8
PZE-105105422	5	47	67.3	2	14	5.3	0.6
PZE-105111492	5	50	70.5	3	13.8	-5.7	1.4
PZE-105111323	5	51	70.9	2	14.4	-6	1.4
PZE-105113106	5	52	72.3	1	11.6	5.9	0.5
PZE-108009592	8	17	24.2	1	13.6	-6.9	1.5
PZE-108011046	8	20	26.9	1	8.4	2.3	0.7
PZE-108015742	8	25	34	3	14.9	-5.1	1.3
PZE-108016622	8	26	35.2	2	20.4	12.5	0.4
PZE-108018114	8	28	38.7	2	18.3	21.5	-0.2
PZE-108019862	8	29	39.3	1	17.9	-4.2	1.2
PZE-108042026	8	33	44.4	2	15.1	4.8	0.7
PZE-108044274	8	35	46.7	5	16.8	10.8	0.4
PZE-108058213	8	39	51.1	2	17.6	16.4	0.1
PZE-108058478	8	41	53.2	1	19.7	19.7	0
PZE-108058577	8	42	53.8	6	16.7	23.8	-0.4
PZE-108061060	8	43	55.5	50	16.6	19.8	-0.2
PZE-108067178	8	49	61.7	1	14.5	-10.8	1.7
