mk.names	chr	pos.ind	pos.cM	N	p.ts	p.vs	bias
PZE-101028930	1	26	34.7	1	6.4	-9	2.4
PZE-101130213	1	68	81.6	1	6.7	-7.4	2.1
PZE-101140981	1	72	86.6	13	5.4	-2	1.4
PZE-101194696	1	108	128.5	1	4	-0.6	1.1
PZE-101198568	1	112	132.9	3	3.7	-2.5	1.7
PZE-101201013	1	114	135.2	1	4.3	4.8	-0.1
PZE-101214818	1	124	146.9	1	4.8	4	0.2
PZE-101219933	1	125	147.4	3	4.6	-0.8	1.2
PZE-102004688	2	5	6.8	1	4.6	-7.6	2.7
PZE-102064002	2	44	60	1	2.7	-1.1	1.4
PZE-102116456	2	54	71.5	4	5.2	-1.9	1.4
PZE-102120480	2	55	72.5	2	4.5	2.1	0.5
PZE-103008756	3	12	20.7	1	3.4	-3	1.9
PZE-103017663	3	19	31.3	1	2.7	1.6	0.4
PZE-103070612	3	35	49.9	78	5.6	4.8	0.1
PZE-103103922	3	53	70.3	12	4.6	0.9	0.8
PZE-103110385	3	58	75.4	29	5.1	2.1	0.6
PZE-103123615	3	66	85.3	2	6.4	1	0.8
PZE-103128590	3	71	91.3	1	3.4	-7.8	3.3
PZE-103181797	3	112	142.8	1	4.3	-6.5	2.5
PZE-103183656	3	114	146.4	1	3.9	16.7	-3.3
PZE-103184380	3	115	146.9	1	5.2	-1.6	1.3
PZE-104068465	4	42	54.5	1	3.1	2.7	0.1
PZE-104082907	4	47	60.9	5	6	-3.4	1.6
PZE-104095745	4	56	71.5	4	5.6	-0.3	1.1
PZE-104096885	4	57	72.3	1	6.4	4.7	0.3
PZE-104105165	4	68	84.6	8	5.3	-0.3	1.1
PZE-104132510	4	87	108.3	18	6.1	0.1	1
PZE-104140347	4	93	115.3	1	4.5	-4	1.9
PZE-104153704	4	102	126.5	1	5	0.1	1
PZE-104154469	4	103	127.9	4	6.1	-10.5	2.7
PZE-104156379	4	106	132	1	3.9	-3.1	1.8
PZE-104157729	4	107	133.5	2	4.6	-7.4	2.6
PZE-105058889	5	40	58.9	1	4.6	-2.5	1.5
PZE-105063667	5	41	60.8	9	4.6	-0.2	1
PZE-106033981	6	14	16	1	3	-3.3	2.1
PZE-106040089	6	16	18.1	1	3.9	-2.1	1.5
PZE-106060570	6	34	40.9	1	4.4	0.2	1
PZE-106060733	6	36	42.3	1	5.8	-4.4	1.8
PZE-107066645	7	41	58.2	1	3.2	-2.4	1.8
PZE-107083378	7	53	72.7	5	5.7	6	-0.1
PZE-107084721	7	57	77	8	6.3	3.3	0.5
PZE-107093975	7	58	77.7	14	6.5	1.2	0.8
PZE-107113484	7	66	88.2	36	6.9	4.3	0.4
PZE-107116723	7	68	91.6	3	7.4	-0.2	1
PZE-107119249	7	71	95.1	8	6.5	1.6	0.8
PZE-108002130	8	3	3.3	20	4.3	0.4	0.9
PZE-108003848	8	6	7.9	2	2.5	1.7	0.3
PZE-108009888	8	18	25.1	43	7	7.7	-0.1
PZE-108012841	8	21	28.8	2	13.4	9.9	0.3
PZE-108013355	8	23	31.5	1	8.1	12.1	-0.5
PZE-108016622	8	26	35.2	2	6.1	14.6	-1.4
PZE-108017647	8	27	37	12	8.9	7.1	0.2
PZE-108018114	8	28	38.7	16	9.5	4.9	0.5
PZE-108019862	8	29	39.3	6	9.9	10.2	0
PZE-108025613	8	32	43.1	1	9.5	3.7	0.6
PZE-108042286	8	34	45.7	7	3.5	3.3	0.1
PZE-108044274	8	35	46.7	20	4.7	3.6	0.2
PZE-108048156	8	36	47.1	5	3.8	3.7	0
PZE-108055224	8	38	50.2	3	5.4	5.8	-0.1
PZE-108058098	8	40	51.7	1	3.3	3.9	-0.2
PZE-109080508	9	53	65.4	98	8.9	6.9	0.2
PZE-109092156	9	59	72.3	1	4	0	1
PZE-110008044	10	12	23.9	4	5	8.7	-0.7
