mk.names	chr	pos.ind	pos.cM	N	n.cr	n.par	n.anc	n.biall	p.ts	p.vs	bias
PZE-101036799	1	35	40.8	2	0	1	1	0	11.6	3.1	0.7
PZE-101037244	1	36	41.3	3	0	1	0	2	10.7	5.9	0.4
PZE-101056687	1	45	50.5	2	0	2	0	0	12.8	6.9	0.5
PZE-101059495	1	48	53.6	1	0	0	0	1	13.4	-1	1.1
PZE-101069059	1	52	58.2	1	0	1	0	0	14.6	5.2	0.6
PZE-101070408	1	53	58.9	2	0	0	2	0	8.9	0	1
PZE-101076213	1	55	61.6	2	0	1	1	0	11.3	-6.8	1.6
PZE-101082552	1	60	66.6	1	0	0	1	0	11.2	0	1
PZE-101180531	1	110	118.4	4	0	3	1	0	15.2	5.5	0.6
PZE-101184638	1	112	121	5	0	5	0	0	15.6	3.6	0.8
PZE-101187227	1	115	123.7	4	0	4	0	0	17.2	3.6	0.8
PZE-101190874	1	117	126.1	1	0	0	1	0	14.5	-8.7	1.6
PZE-101196460	1	120	128.5	16	0	16	0	0	16.8	4.2	0.8
PZE-101196084	1	121	130.2	1	0	1	0	0	12	8.7	0.3
PZE-101196337	1	122	130.4	1	0	1	0	0	16.4	23.3	-0.4
PZE-101201013	1	126	135.2	1	0	1	0	0	14.1	1.1	0.9
PZE-101205523	1	128	136.8	6	0	1	0	5	12.4	3.3	0.7
PZE-101208550	1	130	139.6	4	0	0	4	0	15.8	0	1
PZE-101209857	1	132	142	2	0	2	0	0	19	2.8	0.9
PZE-101211929	1	133	142.9	2	0	2	0	0	18	7.7	0.6
PZE-101216712	1	134	144	4	0	4	0	0	18.9	2.4	0.9
PZE-101213727	1	135	144.9	2	0	2	0	0	17.8	4.3	0.8
PZE-101214116	1	137	147.1	2	0	2	0	0	17	8.5	0.5
PZE-101236600	1	147	157.6	1	0	1	0	0	15.4	-3.8	1.2
PZE-101238451	1	148	159	5	0	5	0	0	19.5	7.7	0.6
PZE-101235852	1	149	159.7	8	0	8	0	0	18.7	-0.5	1
PZE-102000849	2	2	1.2	2	0	0	2	0	10.5	0	1
PZE-102024868	2	25	32.4	2	0	2	0	0	14.4	11.1	0.2
PZB01230.5	2	47	58.7	1	0	0	0	1	11.8	-1.1	1.1
PZE-102064002	2	48	60	33	0	0	0	33	10.6	4.1	0.6
PZE-102065225	2	49	61	15	0	0	0	15	9.5	11	-0.2
PZE-103112343	3	64	74.3	1	0	0	0	1	9	-4.8	1.5
PZE-103111295	3	66	76	1	0	0	0	1	9.9	-11.9	2.2
PZE-103169740	3	111	126.7	4	0	0	4	0	12.8	-0.9	1.1
PZE-103171398	3	112	127.7	2	0	0	2	0	11.1	0	1
PZE-103173540	3	113	129.3	3	0	3	0	0	14.3	-0.9	1.1
PZE-103181243	3	124	142.4	1	0	1	0	0	13.5	-4.7	1.3
PZE-103181797	3	125	142.8	1	0	1	0	0	13.9	-26.4	2.9
PZE-103183711	3	126	144.5	1	0	1	0	0	16.7	6	0.6
PZE-103184380	3	128	146.9	2	0	0	2	0	12.8	0	1
PZE-103185158	3	129	148.1	14	0	1	1	12	9.3	3.6	0.6
PZE-103186727	3	130	149.5	7	0	2	5	0	14	8.1	0.4
PZE-103186544	3	131	149.7	1	0	1	0	0	13.7	0.6	1
PZE-104076572	4	46	56.5	3	0	0	0	3	9.5	-1.4	1.1
PZE-104076990	4	47	56.9	1	0	0	0	1	10.2	-1.5	1.1
PZE-104079164	4	48	58	1	0	0	0	1	12.5	-13	2
PZE-104086655	4	52	62.1	2	0	0	0	2	9.2	-3.9	1.4
PZE-104101269	4	67	78.7	3	0	0	0	3	9.2	-7.9	1.9
PZE-104104505	4	71	82.3	1	0	0	0	1	10.8	3.9	0.6
PZE-104105683	4	72	83.9	2	0	0	0	2	7.2	6.4	0.1
PZE-104108744	4	78	90.3	2	0	0	0	2	10.5	4.1	0.6
PZE-105136175	5	70	85.8	1	0	0	1	0	9.6	12.6	-0.3
PZE-105147471	5	80	96	2	0	0	0	2	9.5	-4.6	1.5
PZE-105151400	5	83	99.7	1	0	0	1	0	6.1	0	1
PZE-106001656	6	3	2.6	3	0	0	0	3	9.6	-2.6	1.3
PZE-106009322	6	11	11.8	3	0	0	3	0	11.4	5.6	0.5
PZE-106028794	6	13	13.2	3	0	3	0	0	14.8	-1.6	1.1
PZE-106034708	6	15	15.9	12	0	0	11	1	12.3	0.1	1
PZE-106041751	6	18	19.1	2	0	0	0	2	8.6	1.4	0.8
PZE-106040890	6	19	19.4	9	0	0	0	9	9.5	2.5	0.7
PZE-106042795	6	20	20.6	2	0	0	0	2	8.8	8.2	0.1
PZE-106050388	6	27	28.4	3	0	0	0	3	7.6	0.5	0.9
PZE-106053072	6	29	31	1	0	0	1	0	8.9	0	1
PZE-106051814	6	30	31.1	1	0	0	0	1	7	-3.3	1.5
PZE-106059969	6	37	39.5	2	0	0	0	2	7.2	4.2	0.4
PZE-106060535	6	39	41.7	2	0	0	0	2	11.8	-5.8	1.5
PZE-106083335	6	59	63.2	1	0	0	1	0	10.1	0	1
PZE-107014986	7	25	35.2	1	0	0	0	1	7.7	-0.9	1.1
PZB01612.2	7	28	38.9	1	0	0	0	1	9.2	-3.5	1.4
PZE-107021022	7	32	42.5	2	0	2	0	0	18.5	-15.7	1.8
PZE-107023670	7	34	44.1	7	0	0	0	7	9.1	6.1	0.3
PZE-107055500	7	35	45.5	2	0	2	0	0	13.6	-2.6	1.2
PZE-107061406	7	39	49.3	4	0	1	3	0	12.1	6.2	0.5
PZE-107063166	7	44	54.7	2	0	1	1	0	10.4	3.4	0.7
PZE-107066392	7	46	57.4	6	0	0	0	6	10.2	2.3	0.8
PZE-107072681	7	52	63.2	2	0	0	0	2	8.2	-5.5	1.7
PZE-107073395	7	55	65.9	1	0	0	1	0	10.9	0	1
PZE-108003848	8	6	7.9	1	0	0	0	1	8.9	10.2	-0.1
PZE-108009299	8	17	22.4	3	0	0	0	3	9.8	-9	1.9
PZE-108009592	8	19	24.2	1	0	1	0	0	13.1	0.2	1
PZE-108011046	8	21	26.9	1	0	0	1	0	11.9	0	1
PZE-108055224	8	40	50.2	1	0	0	1	0	11.5	16.1	-0.4
PZE-108060440	8	44	53.3	12	0	12	0	0	14.1	-1.7	1.1
PZE-108060455	8	46	55.5	6	0	6	0	0	13.6	-4	1.3
PZE-108067569	8	50	59.9	2	0	0	2	0	11	8.2	0.3
PZE-108069097	8	53	63.6	1	0	1	0	0	14.7	-2	1.1
PZE-108071076	8	54	64.4	1	0	0	1	0	14	0	1
PZE-108073768	8	56	66	1	0	1	0	0	14	-4.2	1.3
PZE-108124414	8	89	106	3	0	0	0	3	8.5	-0.3	1
PZE-110008495	10	16	24.3	1	0	1	0	0	13.3	-4.5	1.3
PZE-110013468	10	22	33.8	1	0	1	0	0	16.5	-0.8	1
PZE-110014201	10	23	35.1	3	0	0	0	3	7.7	10.6	-0.4
PZE-110026218	10	29	40.8	1	0	1	0	0	14.6	-15.9	2.1
PZE-110045755	10	34	46.2	1	0	0	0	1	8.6	12.4	-0.4
PZE-110083952	10	50	63.3	1	0	1	0	0	13.7	2.8	0.8
