mk.names	chr	pos.ind	pos.cM	N	p.ts	p.vs	bias
PZE-101130213	1	68	81.6	20	8.1	3.6	0.6
PZE-101134523	1	69	83.4	10	8.6	1.7	0.8
PZE-101136791	1	70	84.1	1	8.8	-0.2	1
PZE-101152935	1	79	94.9	2	8.2	-4.3	1.5
PZE-101154857	1	80	95.5	1	8	3.7	0.5
PZE-101189687	1	104	124.4	4	8	4.9	0.4
PZE-101187678	1	105	124.9	9	9	4.7	0.5
PZE-101190874	1	106	126.1	17	8.9	4.9	0.4
PZE-101193133	1	107	127.1	7	8.2	0.8	0.9
PZE-101194696	1	108	128.5	1	8	14.2	-0.8
PZE-101194503	1	109	129.1	1	7.7	-2.7	1.4
PZE-101196778	1	110	130.2	1	8.7	-3.7	1.4
PZE-101198568	1	112	132.9	1	7.7	9.5	-0.2
PZE-101198839	1	113	133.7	5	9.5	2.6	0.7
PZE-101201013	1	114	135.2	2	9.5	-1.4	1.1
PZE-101205734	1	115	136.4	3	9.9	1.7	0.8
PZE-101208550	1	118	139.6	1	14.8	-8.1	1.5
PZE-101210657	1	120	142	3	9.1	4.7	0.5
PZE-101213762	1	122	144	1	7.4	0.9	0.9
PZE-101219932	1	123	145.9	1	4.8	-2.4	1.5
PZE-101214818	1	124	146.9	1	4.1	-0.7	1.2
PZE-101219933	1	125	147.4	1	11.7	-2	1.2
PZE-101227275	1	129	151.9	1	8.8	1.5	0.8
PZE-101235865	1	133	156.8	1	8.7	1	0.9
PZE-101238451	1	135	159	1	4.2	1.6	0.6
PZE-102036427	2	28	42.7	1	3.8	-9	3.4
PZE-102059452	2	41	57.2	1	6.8	-7.4	2.1
PZE-102061118	2	43	58.9	1	8.7	-2.5	1.3
PZE-102072547	2	46	62.6	18	7.8	0.3	1
PZE-102074320	2	47	63.7	3	8.4	1.2	0.9
PZE-102107953	2	52	68.8	1	6.7	0.6	0.9
PZE-103008756	3	12	20.7	2	6.1	-3.7	1.6
PZE-103096999	3	47	63.8	2	7.1	-3	1.4
PZE-103102170	3	51	68.4	1	8.5	1	0.9
PZD00007.1	3	52	69.5	1	6.6	-3.3	1.5
PZE-103107108	3	54	71.7	1	6.6	-2.7	1.4
PZE-103108797	3	56	73.3	1	7.4	-1.6	1.2
PZE-103113298	3	57	74.3	1	6.5	-2.3	1.4
PZE-103110385	3	58	75.4	10	7.1	-2	1.3
PZE-103113055	3	59	77.5	1	8.6	0.6	0.9
PZE-103119721	3	61	79.2	2	7.4	4	0.5
PZE-103119152	3	62	81.3	1	7.3	-1.8	1.2
PZE-104095745	4	56	71.5	1	6.1	-8.3	2.4
PZE-104102301	4	62	78.5	2	9.2	-0.4	1
PZE-104107139	4	72	89.6	1	9.5	-3.2	1.3
PZE-104114921	4	80	100.4	1	8.5	-2	1.2
PZE-104132510	4	87	108.3	4	6.9	2.1	0.7
PZE-104132368	4	88	109.2	10	9.3	1.8	0.8
PZE-104137686	4	89	111	3	8.7	6	0.3
PZE-104139877	4	90	111.9	5	8.2	2.1	0.7
PZE-104140347	4	93	115.3	7	9.3	-2.8	1.3
PZE-104146078	4	94	117.4	1	11.4	8.3	0.3
PZE-104146792	4	96	119.6	1	11.7	-9.4	1.8
PZE-105058889	5	40	58.9	1	6.1	-0.3	1
PZE-105070603	5	43	62.2	1	5.2	-5.7	2.1
PZE-107021022	7	28	42.5	1	5.8	-1.2	1.2
PZE-107084006	7	56	76.5	2	7.8	11.6	-0.5
PZE-107084721	7	57	77	15	9.1	5.8	0.4
PZE-107093975	7	58	77.7	46	9.3	4.4	0.5
PZE-107097289	7	60	79.9	2	8	12	-0.5
PZE-107109969	7	64	84.5	3	7.4	4.8	0.4
PZE-107116723	7	68	91.6	1	8.3	-5.1	1.6
PZE-108002130	8	3	3.3	1	5.6	0.4	0.9
PZE-108002202	8	4	4.8	2	6.1	5.4	0.1
PZE-108012841	8	21	28.8	1	10.2	16.7	-0.6
PZE-108013355	8	23	31.5	5	11.8	7	0.4
PZE-108015266	8	24	33.2	2	13.7	9.6	0.3
PZE-108015742	8	25	34	14	11.2	8.2	0.3
PZE-108016622	8	26	35.2	42	11.9	11	0.1
PZE-108017647	8	27	37	8	12.3	7.9	0.4
PZE-108018114	8	28	38.7	4	13.5	5.1	0.6
PZE-108019862	8	29	39.3	13	13.4	5.8	0.6
PZE-108042026	8	33	44.4	4	11.3	5.3	0.5
PZE-108042286	8	34	45.7	3	10.1	11	-0.1
PZE-108044274	8	35	46.7	2	9	2	0.8
PZE-108051664	8	37	48.2	1	7.6	14.6	-0.9
PZE-108055224	8	38	50.2	1	15.1	-5.5	1.4
PZE-109077374	9	51	63.3	3	7.5	-0.9	1.1
PZE-109085253	9	55	68.1	1	10	2	0.8
PZE-109091272	9	57	70.4	14	8.5	3.4	0.6
PZE-109093779	9	58	71.6	29	8.3	4	0.5
PZE-109092156	9	59	72.3	7	8.2	1.2	0.9
PZE-110008044	10	12	23.9	41	9.6	7.2	0.2
PZE-110009032	10	13	24	15	9.8	9.9	0
PZE-110009618	10	14	25.7	4	10	4.3	0.6
PZE-110014876	10	22	36.4	13	11.3	4.5	0.6
PZE-110013774	10	23	36.8	12	10.1	3.5	0.7
