mk.names	chr	pos.ind	pos.cM	N	p.ts	p.vs	bias
PZE-101121405	1	62	77.8	19	8.7	2.6	0.7
PZE-101121742	1	63	78.1	6	8.1	1.7	0.8
PZE-103110852	3	57	72.4	18	8.5	-1.9	1.2
PZE-103114815	3	58	74.3	1	11	3.7	0.7
PZE-104107703	4	70	86.7	1	7.1	-2.7	1.4
PZE-104108287	4	72	89.2	1	9.8	-1.6	1.2
PZE-105067579	5	42	60.4	1	4.8	-7	2.5
PZE-105180267	5	96	133.4	1	6.8	-2.8	1.4
PZE-105181381	5	97	134.6	2	4.7	-6.7	2.4
PZE-106000112	6	1	0	4	5.8	0	1
PZE-106002839	6	3	2.9	2	4.8	-4.4	1.9
PZE-106004871	6	5	5.2	2	8.8	-1.7	1.2
PZE-106006805	6	6	6.8	2	10.7	7.4	0.3
PZE-106006691	6	7	7.4	4	7.6	3.5	0.5
PZE-106008513	6	9	11.3	11	13.9	7.2	0.5
PZE-106041256	6	16	18.7	21	11.6	8.9	0.2
PZE-106046440	6	21	24.8	25	13	11.2	0.1
PZE-106046852	6	22	25.3	36	12.9	12.3	0
PZE-106055491	6	30	35.5	1	5	0.8	0.8
PZE-107073106	7	49	66.3	2	3.9	-1.6	1.4
PZE-107076218	7	51	68.7	2	8.9	14.4	-0.6
PZE-107078697	7	53	70.9	3	10.4	5.8	0.4
PZE-107083379	7	54	72.7	3	10	0.5	1
PZE-107079722	7	55	73.1	1	8.2	17.8	-1.2
PZE-107085004	7	57	75.5	45	11.3	7.4	0.3
PZE-107093165	7	60	79	1	10.1	4.9	0.5
PZE-107118905	7	70	92.9	45	8.6	5.5	0.4
PZE-108002202	8	4	4.8	1	4.1	-4.8	2.2
PZE-108011046	8	21	26.9	4	8.1	3.6	0.6
PZE-108012648	8	23	29.4	1	6.5	1.9	0.7
PZE-108017470	8	28	37	4	10.3	1.3	0.9
PZE-108022547	8	32	42.6	14	10.4	5.2	0.5
PZE-108030712	8	34	44.9	49	10.8	5.8	0.5
PZE-108053798	8	38	49.4	1	7.5	-0.1	1
PZE-108054494	8	39	50.5	18	8.2	4.9	0.4
PZE-108057325	8	40	51.5	1	10.3	2.7	0.7
PZE-109024119	9	38	48.3	1	9	-7.3	1.8
PZE-109071755	9	48	59.8	2	8.5	-12.4	2.5
PZE-109076739	9	51	63.9	4	8.6	-2.5	1.3
PZE-109080626	9	52	64.9	1	5.8	5	0.1
PZB01432.2	9	53	65.7	3	9.6	-2.4	1.2
PZE-109082825	9	54	66.4	1	5.3	3.6	0.3
PZE-109085093	9	56	68.8	2	9.6	-1.3	1.1
PZE-109093779	9	58	71.6	43	8.2	4.8	0.4
PZE-109092156	9	59	72.3	24	9.3	5.8	0.4
PZE-109096235	9	60	74.4	1	8.5	-1	1.1
PZE-109097752	9	62	77.1	1	8.1	-0.1	1
PZE-109107539	9	73	92.3	1	5.2	-7.5	2.4
PZE-109112516	9	79	100.9	1	6.4	0	1
PZE-110009173	10	14	25.8	7	4.5	-0.9	1.2
PZE-110009907	10	16	27.2	3	3.6	-1.9	1.5
PZE-110009551	10	18	29.4	4	5.4	-6.2	2.1
PZE-110013212	10	22	36.5	2	6.1	-2.5	1.4
PZE-110013774	10	23	36.8	15	7	0	1
