mk.names	chr	pos.ind	pos.cM	N	n.cr	n.par	n.anc	n.biall	p.ts	p.vs	bias
PZE-101019557	1	20	24.4	1	0	0	0	1	3.3	2.5	0.2
PZE-101033968	1	34	39	1	0	0	1	0	4.6	0	1
PZE-101036799	1	35	40.8	6	0	0	0	6	4.5	-1.9	1.4
PZE-101037244	1	36	41.3	3	0	0	0	3	4.6	-5.1	2.1
PZE-101039351	1	37	42.8	1	0	1	0	0	7.8	-6.5	1.8
PZE-101124014	1	72	79	5	0	4	1	0	9.3	-0.1	1
PZE-101129171	1	73	80.1	2	0	2	0	0	8.7	3.4	0.6
PZE-101129154	1	74	80.2	27	0	25	2	0	8.5	1.4	0.8
PZE-101129681	1	75	81.3	18	0	18	0	0	8.1	1.6	0.8
PZE-101134461	1	76	82.7	3	0	3	0	0	7.9	-4.3	1.5
PZE-101137688	1	77	83.8	1	0	1	0	0	9.2	-10.3	2.1
PZE-101161396	1	91	99	1	0	0	1	0	5.9	0	1
PZE-101169494	1	100	107.4	1	0	0	0	1	3.6	3.7	0
PZE-101177975	1	107	115.2	1	0	0	1	0	6.2	0	1
PZE-101189338	1	114	122.5	1	0	1	0	0	14.7	6.2	0.6
PZE-101187227	1	115	123.7	37	0	36	1	0	12.8	7.8	0.4
PZE-101189687	1	116	124.4	11	0	11	0	0	12.6	9.3	0.3
PZE-101190874	1	117	126.1	1	0	0	1	0	11.8	0	1
PZE-101196460	1	120	128.5	1	0	1	0	0	11.2	1.7	0.8
PZE-101196337	1	122	130.4	3	0	3	0	0	11.8	9	0.2
PZE-101199017	1	125	133.8	19	0	19	0	0	12.8	7.6	0.4
PZE-101205734	1	127	136.4	1	0	1	0	0	15.6	9.2	0.4
PZE-101205523	1	128	136.8	11	0	0	0	11	12.2	9.6	0.2
PZE-101208550	1	130	139.6	11	0	0	11	0	12.8	-0.1	1
PZE-101211929	1	133	142.9	2	0	2	0	0	13	1.5	0.9
PZE-101239143	1	151	162	14	0	2	12	0	6.1	-0.2	1
PZE-102009795	2	10	13.7	1	0	1	0	0	5.6	-4	1.7
PZE-102011930	2	11	15.7	1	0	0	0	1	3.6	-2.7	1.8
PZE-102069280	2	50	61.8	1	0	1	0	0	6.3	-0.5	1.1
PZE-102070988	2	51	63.2	2	0	2	0	0	8.7	-0.6	1.1
PZE-102072362	2	52	63.7	8	0	6	0	2	8	-1.8	1.2
PZE-103008756	3	15	20.7	1	0	1	0	0	6.8	2.8	0.6
PZE-103055650	3	39	48.5	2	0	0	0	2	5.8	-1.1	1.2
PZE-103088741	3	49	58.9	1	0	1	0	0	7	-3.7	1.5
PZE-103106913	3	62	71.9	2	0	0	0	2	5.8	-1.1	1.2
PZE-103116584	3	68	78.9	6	0	1	2	3	5.6	1.2	0.8
PZE-103123019	3	75	86.3	9	0	0	0	9	5	2.1	0.6
PZE-103126771	3	78	89.8	1	0	1	0	0	7.5	1.6	0.8
PZE-103128590	3	79	91.3	3	0	0	3	0	8	0	1
PZE-103133175	3	80	91.5	1	0	1	0	0	7.8	-4.3	1.6
PZE-103132648	3	81	92.6	1	0	0	0	1	4.5	-6.5	2.4
PZA00099.6	3	82	93.7	27	0	4	0	23	5.7	4.5	0.2
PZE-103137804	3	84	95.9	4	0	0	0	4	4.3	3.1	0.3
PZE-103136557	3	85	97	1	0	1	0	0	7.7	-0.4	1.1
PZE-103147207	3	91	103.4	1	0	0	1	0	9.2	0	1
PZE-103151398	3	98	110.9	1	0	0	1	0	5.2	0	1
PZE-103162198	3	102	115.8	1	0	0	1	0	5.5	0	1
PZE-103164358	3	105	119.2	1	0	1	0	0	10.8	-18.8	2.7
PZE-103169740	3	111	126.7	1	0	1	0	0	6.2	-11.8	2.9
PZE-103184089	3	127	145.4	1	0	0	0	1	4.7	-5.1	2.1
PZE-103184380	3	128	146.9	5	0	2	3	0	7	0.1	1
PZE-103185158	3	129	148.1	8	0	0	5	3	6.4	-1.1	1.2
PZE-103186727	3	130	149.5	6	0	0	1	5	4.5	0.4	0.9
PZE-103186544	3	131	149.7	5	0	0	0	5	4.2	4.6	-0.1
PZE-104034112	4	42	52.4	1	0	0	0	1	3.7	0	1
PZE-104069761	4	45	55	21	0	7	0	14	6.1	-0.4	1.1
PZE-104076572	4	46	56.5	1	0	1	0	0	8.7	-2.6	1.3
PZE-104076990	4	47	56.9	7	0	2	0	5	6.3	-2.3	1.4
PZE-104081748	4	49	59.4	2	0	0	0	2	4.4	0.4	0.9
PZE-104086676	4	53	63.3	4	0	1	0	3	5.2	-6.2	2.2
PZE-104093644	4	59	69.4	1	0	0	0	1	4.9	1.3	0.7
PZE-104148727	4	109	124.2	1	0	0	0	1	3.5	2.4	0.3
PZE-105001484	5	3	4	1	0	1	0	0	9.1	-14.5	2.6
PZE-105058898	5	42	56.7	1	0	0	0	1	3.1	1.8	0.4
PZE-105059355	5	44	58.9	1	0	1	0	0	7.9	-2.5	1.3
PZE-105059366	5	45	59.5	1	0	1	0	0	8.1	-8.7	2.1
PZE-105063667	5	46	60.8	2	0	1	0	1	6.8	3.5	0.5
PZE-106034708	6	15	15.9	4	0	0	0	4	7.1	0.1	1
PZE-106039880	6	16	17.1	2	0	0	0	2	6.2	3.7	0.4
PZE-106040089	6	17	18.1	2	0	1	0	1	6.5	0.3	1
PZE-106041751	6	18	19.1	9	0	0	0	9	6.8	3.3	0.5
PZE-106040890	6	19	19.4	15	0	0	0	15	7.7	4.9	0.4
PZE-106045060	6	22	22.8	5	0	2	3	0	8.3	2.2	0.7
PZE-106046465	6	23	23.4	1	0	0	1	0	6.7	0	1
PZE-106048118	6	24	24.5	1	0	0	0	1	9.7	-9	1.9
PZE-106050388	6	27	28.4	2	0	2	0	0	9.7	0	1
PZE-106051814	6	30	31.1	7	0	0	2	5	8.9	1.6	0.8
PZE-106059969	6	37	39.5	21	0	3	18	0	8.6	0.3	1
PZE-106060570	6	38	40.9	8	0	0	3	5	6.8	5.2	0.2
PZE-106060535	6	39	41.7	14	0	0	8	6	7.2	2.3	0.7
PZE-106062474	6	40	43.1	2	0	1	0	1	7.6	8.6	-0.1
PZE-106062326	6	41	44.5	2	0	0	0	2	5.2	-0.2	1
PZE-106065285	6	43	46.9	2	0	2	0	0	7.7	-1.9	1.2
PZE-106072777	6	50	53.9	1	0	0	1	0	7.7	0	1
PZE-106075546	6	51	55.3	2	0	1	0	1	6.5	1.5	0.8
PZE-106106344	6	78	85.2	1	0	0	1	0	3.9	0	1
PZE-106109759	6	80	87.4	1	0	1	0	0	6.7	-5	1.7
PZE-107011738	7	21	30.3	1	0	0	1	0	3.4	0	1
PZE-107023670	7	34	44.1	7	0	0	0	7	6.4	2.5	0.6
PZE-107063166	7	44	54.7	1	0	0	1	0	10	0	1
PZE-107066392	7	46	57.4	1	0	0	0	1	9.7	-0.4	1
PZE-107066645	7	47	58.2	6	0	0	0	6	10.3	7.8	0.2
PZE-107070986	7	48	59.2	1	0	1	0	0	9.4	0.1	1
PZB01186.3	7	49	60.1	2	0	2	0	0	11	4.1	0.6
PZA03477.1	7	50	60.9	9	0	1	0	8	8.9	4.2	0.5
PZE-107069959	7	51	62	1	0	1	0	0	8.5	6	0.3
PZE-107072681	7	52	63.2	48	0	0	0	48	6.8	6.5	0
PZE-107073395	7	55	65.9	15	0	1	14	0	8.2	0	1
PZE-107076052	7	58	69.1	1	0	1	0	0	11.1	0.3	1
PZE-107078209	7	60	71.3	1	0	1	0	0	10.5	-16.9	2.6
PZE-108002130	8	3	3.3	4	0	0	0	4	4.5	1.3	0.7
PZE-108005623	8	11	15.4	2	0	0	0	2	6.7	4.9	0.3
PZE-108008540	8	16	20.9	2	0	1	0	1	8.1	-2.2	1.3
PZE-108009299	8	17	22.4	7	0	0	0	7	5.3	-1.5	1.3
PZE-108009592	8	19	24.2	1	0	0	1	0	6.3	0	1
PZE-108011044	8	20	26.5	4	0	0	4	0	5.2	0	1
PZE-108011046	8	21	26.9	7	0	0	7	0	5.9	0.5	0.9
PZE-108011830	8	22	28.2	3	0	0	3	0	6.7	0	1
PZE-108015997	8	26	34.2	2	0	2	0	0	8.2	2.9	0.6
PZE-108017417	8	27	35.6	1	0	1	0	0	8.8	-8.1	1.9
PZE-108018114	8	29	38.7	2	0	0	0	2	6	4.1	0.3
PZE-108020961	8	32	41.1	2	0	1	1	0	7.9	-1.1	1.1
PZE-108056027	8	41	50.6	1	0	1	0	0	8.9	-4.7	1.5
PZE-108058478	8	43	53.2	4	0	3	1	0	7.8	2.1	0.7
PZE-108060440	8	44	53.3	6	0	6	0	0	9.4	-1.7	1.2
PZE-108060455	8	46	55.5	1	0	1	0	0	13.2	-0.5	1
PZA03395.3	8	59	69.9	1	0	0	0	1	3.1	-3.4	2.1
PZE-108077560	8	61	71.3	1	0	1	0	0	5.6	5.5	0
PZE-108082079	8	63	73.4	3	0	2	0	1	5.6	7.5	-0.3
PZA03608.2	8	64	74.7	1	0	0	0	1	4.8	4.7	0
PZE-108085812	8	66	76.2	1	0	0	0	1	5.6	11	-1
PZE-108109498	8	73	84.1	1	0	0	0	1	5.5	-5.2	1.9
PZE-109015314	9	31	38.4	1	0	0	1	0	5.5	6.6	-0.2
PZB01963.1	9	41	48.6	2	0	1	1	0	7.5	-3.8	1.5
PZE-109046250	9	44	51.5	1	0	0	0	1	3.8	5.3	-0.4
PZE-109070116	9	51	58.2	1	0	0	0	1	6.1	6.2	0
PZE-109083369	9	57	64.8	1	0	0	0	1	6	4	0.3
PZE-109085819	9	58	65.8	3	0	0	0	3	5.4	4.3	0.2
PZE-109086097	9	59	66.4	24	0	3	15	6	8.9	3	0.7
PZE-109087846	9	60	67.9	42	0	16	26	0	9.7	2.3	0.8
PZE-109089873	9	61	69.2	5	0	1	4	0	9	-0.7	1.1
PZE-109091272	9	62	70.4	13	0	6	6	1	10	3.9	0.6
PZE-109093779	9	64	71.6	3	0	0	3	0	7.7	0	1
PZE-109105485	9	78	88.4	1	0	0	0	1	4.1	-14.1	4.4
PZE-109115209	9	89	104.1	1	0	0	1	0	8	0	1
PZE-109117925	9	93	110.8	2	0	1	1	0	5.5	-2.3	1.4
PZE-110008495	10	16	24.3	2	0	1	1	0	5.2	-1.4	1.3
PZE-110097371	10	64	85	1	0	1	0	0	5.5	-7.8	2.4
