mk.names	chr	pos.ind	pos.cM	N	p.ts	p.vs	bias
PZE-101028930	1	26	34.7	1	5.7	-0.2	1
PZE-101126806	1	66	79.4	1	11.7	6.1	0.5
PZE-101127101	1	67	80.5	1	9	-2.2	1.2
PZE-101130213	1	68	81.6	45	8.5	4.5	0.5
PZE-101134523	1	69	83.4	2	7.9	-3.3	1.4
PZE-101152935	1	79	94.9	1	7	-2.2	1.3
PZE-101154857	1	80	95.5	2	8.3	-3.7	1.4
PZE-101185710	1	102	121	1	5.9	-0.9	1.2
PZE-101189687	1	104	124.4	8	10.1	6.3	0.4
PZE-101187678	1	105	124.9	3	10.7	2.7	0.7
PZE-101190874	1	106	126.1	15	10.4	7.2	0.3
PZE-101193133	1	107	127.1	5	11.8	4.3	0.6
PZE-101194696	1	108	128.5	4	10.9	1.4	0.9
PZE-101194503	1	109	129.1	10	10.6	5.1	0.5
PZE-101196778	1	110	130.2	7	10.4	4.3	0.6
PZE-101198568	1	112	132.9	2	10.2	-3.2	1.3
PZE-101198839	1	113	133.7	9	12	5.3	0.6
PZE-101205734	1	115	136.4	4	12.6	0.6	1
PZE-101208550	1	118	139.6	7	12.2	1.9	0.8
PZE-101210733	1	119	141.1	2	13.7	-3.5	1.3
PZE-101210657	1	120	142	6	10.8	3.7	0.7
PZE-101212714	1	121	143.4	3	9.2	2.7	0.7
PZE-101219932	1	123	145.9	1	12.7	4.9	0.6
PZE-101214818	1	124	146.9	1	11.9	1.2	0.9
PZE-101225664	1	128	150.6	3	4.5	-1.3	1.3
PZE-101238451	1	135	159	1	4.2	2.7	0.4
PZE-102003236	2	4	4.8	1	4.7	-2.5	1.5
PZE-102072547	2	46	62.6	13	6.9	-2.2	1.3
PZE-102074320	2	47	63.7	1	9.7	-6.1	1.6
PZE-102105595	2	51	68.7	2	8.3	-0.5	1.1
PZE-102107953	2	52	68.8	1	4.1	0.7	0.8
PZE-102111317	2	53	70.6	1	4.8	-0.8	1.2
PZE-103012907	3	11	19.1	1	4.9	-2.4	1.5
PZE-103008756	3	12	20.7	1	7.4	-4.9	1.7
PZE-103010658	3	15	26.1	1	6.1	-6.4	2
PZE-103017663	3	19	31.3	2	7.3	-2	1.3
PZE-103023198	3	24	37.5	1	5.7	-3.7	1.6
PZE-103045372	3	33	47.6	2	5.7	-4.4	1.8
PZE-103042672	3	34	49	5	5.2	-0.4	1.1
PZE-103096999	3	47	63.8	1	4.8	-5.1	2.1
PZE-103097514	3	48	64.7	2	7.6	2.4	0.7
PZE-103113298	3	57	74.3	3	5.4	0.4	0.9
PZE-103110385	3	58	75.4	5	8.7	1.8	0.8
PZE-103113055	3	59	77.5	1	5.8	-0.8	1.1
PZE-103119721	3	61	79.2	2	7.5	-1	1.1
PZE-103185158	3	116	148.1	4	7	-0.8	1.1
PZE-103186727	3	117	149.5	1	6.4	-1.9	1.3
PZE-104068465	4	42	54.5	3	6.7	-2	1.3
PZE-104089623	4	51	65.5	1	7.8	-0.2	1
PZE-104092823	4	53	67.6	1	14.1	-1.7	1.1
PZE-104095745	4	56	71.5	1	6	-12.4	3.1
PZE-104096885	4	57	72.3	2	8.6	-3	1.3
PZE-104102301	4	62	78.5	1	4.9	-8.1	2.7
PZE-104109712	4	74	92	1	6.6	-14.4	3.2
PZE-104132510	4	87	108.3	1	6.8	-2.7	1.4
PZE-104132368	4	88	109.2	10	6.6	-1.4	1.2
PZE-104137686	4	89	111	1	8.6	6.2	0.3
PZE-104139877	4	90	111.9	1	5.1	2.2	0.6
PZE-104140347	4	93	115.3	4	6.5	7.4	-0.1
PZE-105047221	5	38	56.5	1	6.5	-7	2.1
PZE-105063667	5	41	60.8	3	5.6	-4.4	1.8
PZE-106045060	6	20	22.8	1	4.7	-0.8	1.2
PZE-107078209	7	52	71.3	1	9.1	-3.5	1.4
PZE-107084721	7	57	77	6	7.9	4	0.5
PZE-107093975	7	58	77.7	22	8.3	3.5	0.6
PZE-107097289	7	60	79.9	3	8.8	0.5	0.9
PZE-107103294	7	61	81	1	11	-2.3	1.2
PZE-107105917	7	63	83.3	2	6.6	6	0.1
PZE-107109969	7	64	84.5	2	7.2	-4	1.6
PZE-107113484	7	66	88.2	2	7.7	-4.1	1.5
PZE-107116723	7	68	91.6	2	6.5	7.3	-0.1
PZE-107125313	7	76	104.7	1	9.6	-7.9	1.8
PZE-108002130	8	3	3.3	2	5.5	-0.7	1.1
PZE-108002202	8	4	4.8	3	9.8	-1.5	1.2
PZE-108012841	8	21	28.8	1	8.4	12.4	-0.5
PZE-108013355	8	23	31.5	1	10.4	0.7	0.9
PZE-108015266	8	24	33.2	3	14.3	7.8	0.5
PZE-108015742	8	25	34	11	11.1	7.5	0.3
PZE-108016622	8	26	35.2	34	12.9	9.7	0.2
PZE-108017647	8	27	37	4	12.8	7.9	0.4
PZE-108018114	8	28	38.7	10	13.7	6.8	0.5
PZE-108019862	8	29	39.3	9	13	7.7	0.4
PZE-108020961	8	30	41.1	1	12.4	-3.8	1.3
PZE-108042026	8	33	44.4	5	11.3	8.7	0.2
PZE-108042286	8	34	45.7	13	12.3	11	0.1
PZE-108044274	8	35	46.7	1	8.9	2.9	0.7
PZE-108051664	8	37	48.2	2	10.3	2.5	0.8
PZE-108055224	8	38	50.2	4	11.6	6.7	0.4
PZA03591.2	8	58	72.1	1	4.9	-3.6	1.7
PZE-109024236	9	37	48	1	6.5	-2.7	1.4
PZE-109077374	9	51	63.3	2	7.1	0.6	0.9
PZE-109086297	9	54	66.8	1	10.5	4.1	0.6
PZE-109085253	9	55	68.1	1	10.4	-1.4	1.1
PZE-109087443	9	56	68.9	1	8.8	6	0.3
PZE-109091272	9	57	70.4	22	9.2	5.1	0.4
PZE-109093779	9	58	71.6	48	10	5.9	0.4
PZE-109092156	9	59	72.3	9	10.9	4.4	0.6
PZE-109101971	9	68	83.5	1	9.4	-1.5	1.2
PZE-110008044	10	12	23.9	28	8.7	6.5	0.3
PZE-110009032	10	13	24	7	9.3	3.1	0.7
PZE-110012098	10	19	32.3	2	10.4	-7.8	1.8
PZE-110014551	10	21	34.8	1	4.8	5.7	-0.2
PZE-110014876	10	22	36.4	13	8.5	6.8	0.2
PZE-110013774	10	23	36.8	7	8.9	5.2	0.4
PZE-110017219	10	24	37.8	1	7	1.9	0.7
