mk.names	chr	pos.ind	pos.cM	log10pval	R2.diff	adj.R2.diff	R2.sg	adj.R2.sg
PZE-101178467	1	748	115.8	8.55782732348055	1.93	1.8	6.28	6.01
PZE-101205523	1	901	136.8	13.0188697934353	2.96	2.85	9.89	9.64
PZE-103122514	3	442	82.1	5.4496898789233	3.53	3.43	3.96	3.69
PZE-103186257	3	725	148.2	6.299025665681	1.63	1.49	5.3	5.04
PZE-104076507	4	225	56.8	5.65490571174299	2.67	2.55	6.01	5.74
PZE-106040890	6	141	19.4	9.44503193649039	1.32	1.18	6.56	6.3
PZE-106060570	6	249	40.9	8.97529154853793	1.21	1.06	5.14	4.87
PZE-107072681	7	258	63.2	10.3322468835595	6.16	6.12	7.47	7.21
PZE-109085819	9	327	65.8	8.99142792380054	4.08	4	7.58	7.32
