mk.names	chr	pos.ind	pos.cM	QTL.eff	R2.diff	adj.R2.diff	R2.sg	adj.R2.sg
PZE-101134204	1	499	83	anc	4.96	5.06	5.25	4.72
PZE-101194762	1	805	129.4	anc	6.26	6.15	8.21	7.17
PZE-103111629	3	358	71.1	biall	2.71	2.79	5.77	5.51
PZE-104131974	4	515	109.8	biall	5	5.27	6.1	5.83
PZE-105050638	5	154	54.9	biall	2.96	3.06	2.75	2.47
PZE-107093971	7	344	77.8	anc	6.71	6.63	9.26	8.23
PZE-108016622	8	93	35.2	par	8.03	7.88	11.67	10.42
PZE-109093492	9	347	71.5	par	6.02	5.73	8.56	7.26
PZE-110014876	10	64	36.4	par	6.45	6.19	8.16	6.85
