mk.names	chr	pos.ind	pos.cM	log10pval	R2.diff	adj.R2.diff	R2.sg	adj.R2.sg
PZE-101135343	1	488	81.7	7.60019515180189	6.48	6.48	5.9	5.1
PZE-101203718	1	846	134.9	10.9958464314868	6.95	7.16	7.07	6.54
PZE-103040688	3	162	48.3	4.9577757650735	2.02	1.53	7.17	6.11
PZE-104141072	4	555	116	5.67520660307618	2.51	2.38	5.69	5.16
PZE-106006691	6	42	7.4	4.76702652762878	1.55	1.51	0.97	0.69
PZE-107113723	7	400	88.9	7.33403860449342	3.67	3.3	6.12	5.06
PZE-108019899	8	100	37.7	9.9248534586431	7.68	7.94	10.47	9.97
PZE-109089050	9	343	70.8	7.25600031222733	6.6	6.43	9.71	8.68
PZE-110008044	10	29	23.9	5.75572106540574	6.14	5.76	7.71	6.4
