mk.names	chr	pos.ind	pos.cM	N	n.cr	n.par	n.anc	n.biall	p.ts	p.vs	bias
PZE-101028242	1	23	31.9	2	0	0	0	2	4.7	-1.6	1.3
PZE-101028104	1	25	33.4	5	0	0	0	5	6.3	2.1	0.7
PZE-101028930	1	26	34.7	1	0	0	1	0	7.1	0	1
PZE-101060335	1	42	52.9	1	0	0	0	1	3.8	-0.2	1.1
PZE-101127101	1	67	80.5	1	0	0	1	0	7.9	0	1
PZE-101130213	1	68	81.6	52	0	14	36	2	7.9	2.3	0.7
PZE-101134523	1	69	83.4	4	0	3	1	0	7.9	4.4	0.4
PZE-101136791	1	70	84.1	2	0	1	0	1	7.9	7.5	0.1
PZE-101140981	1	72	86.6	6	0	2	0	4	6.4	1	0.8
PZE-101152935	1	79	94.9	2	0	2	0	0	6.9	-0.6	1.1
PZE-101154857	1	80	95.5	3	0	0	0	3	5.6	1.2	0.8
PZE-101189687	1	104	124.4	5	0	0	5	0	9.8	0	1
PZE-101187678	1	105	124.9	3	0	1	2	0	14.8	2.6	0.8
PZE-101190874	1	106	126.1	6	0	2	4	0	9.6	0.8	0.9
PZE-101193133	1	107	127.1	1	0	0	1	0	14.4	0	1
PZE-101194696	1	108	128.5	5	0	0	5	0	13.1	0	1
PZE-101194503	1	109	129.1	15	0	1	14	0	11.9	1.8	0.8
PZE-101196778	1	110	130.2	10	0	1	9	0	12.3	0.7	0.9
PZE-101199598	1	111	131.3	1	0	0	1	0	8.2	0	1
PZE-101198568	1	112	132.9	1	0	1	0	0	10	5.1	0.5
PZE-101198839	1	113	133.7	5	0	5	0	0	11.9	5.1	0.6
PZE-101205734	1	115	136.4	4	0	2	2	0	11.4	0.5	1
PZE-101208550	1	118	139.6	2	0	2	0	0	9.1	5.3	0.4
PZE-101210733	1	119	141.1	2	0	1	1	0	8.9	6.1	0.3
PZE-101210657	1	120	142	23	0	2	21	0	11.3	0.3	1
PZE-101212714	1	121	143.4	3	0	3	0	0	11.2	-0.6	1.1
PZE-101219932	1	123	145.9	1	0	1	0	0	9.5	6.3	0.3
PZE-101214818	1	124	146.9	2	0	0	2	0	11.1	1.2	0.9
PZE-101238451	1	135	159	1	0	1	0	0	9.1	3	0.7
PZE-101254776	1	150	181	1	0	0	1	0	2.7	0	1
PZE-102007615	2	8	11.5	1	0	1	0	0	9.5	-6.3	1.7
PZE-102061118	2	43	58.9	1	0	0	1	0	7.7	-7.3	1.9
PZE-102064002	2	44	60	1	0	0	0	1	4.6	-4.5	2
PZE-102067031	2	45	61.4	1	0	0	1	0	6	0	1
PZE-102072547	2	46	62.6	13	0	9	4	0	7.4	1.1	0.9
PZE-102074320	2	47	63.7	1	0	1	0	0	7.3	-1.2	1.2
PZE-102105595	2	51	68.7	2	0	2	0	0	6.9	-4.5	1.7
PZE-102111317	2	53	70.6	1	0	0	1	0	4.8	0	1
PZE-102120480	2	55	72.5	1	0	0	0	1	4.7	-1.6	1.3
PZE-103009843	3	10	17.7	1	0	1	0	0	5.1	-2.8	1.5
PZE-103008756	3	12	20.7	2	0	0	2	0	5.8	0	1
PZE-103010658	3	15	26.1	1	0	1	0	0	9.1	1.6	0.8
PZE-103032315	3	28	42.4	1	0	1	0	0	9.3	-3.2	1.3
PZE-103042672	3	34	49	3	0	1	2	0	6.2	-0.8	1.1
PZE-103070612	3	35	49.9	20	0	0	0	20	5.3	4.5	0.2
PZE-103096999	3	47	63.8	1	0	0	0	1	4.2	7.6	-0.8
PZE-103097514	3	48	64.7	1	0	0	0	1	4.4	3.2	0.3
PZE-103102170	3	51	68.4	1	0	1	0	0	9.6	-18	2.9
PZD00007.1	3	52	69.5	1	0	0	1	0	6.8	0	1
PZE-103103922	3	53	70.3	4	0	0	0	4	4.2	4.7	-0.1
PZE-103106913	3	55	71.9	2	0	0	0	2	4.6	7.8	-0.7
PZE-103113298	3	57	74.3	1	0	1	0	0	8.3	-1.8	1.2
PZE-103110385	3	58	75.4	13	0	0	4	9	5.1	1.9	0.6
PZE-103119152	3	62	81.3	5	0	0	1	4	5	1.3	0.7
PZE-103123615	3	66	85.3	2	0	0	0	2	5	5.2	0
PZE-103185158	3	116	148.1	3	0	1	2	0	6.7	-4.7	1.7
PZE-103186727	3	117	149.5	1	0	0	1	0	6	0	1
PZE-104068465	4	42	54.5	7	0	1	1	5	4.5	-1.4	1.3
PZE-104076423	4	44	56.8	1	0	0	0	1	6.3	-6.9	2.1
PZE-104082907	4	47	60.9	9	0	0	0	9	4.3	2.7	0.4
PZE-104089623	4	51	65.5	1	0	0	1	0	4.9	0	1
PZE-104092823	4	53	67.6	1	0	0	0	1	5.5	1.1	0.8
PZE-104093194	4	55	69.8	2	0	1	0	1	5.2	-2.7	1.5
PZE-104096885	4	57	72.3	2	0	2	0	0	6.8	1.6	0.8
PZE-104105683	4	67	83.9	1	0	1	0	0	8.2	-5.9	1.7
PZE-104105165	4	68	84.6	2	0	0	1	1	5.3	3.7	0.3
PZE-104116539	4	81	102.4	1	0	0	1	0	5.8	0	1
PZE-104132510	4	87	108.3	7	0	0	0	7	4.6	9.5	-1.1
PZE-104132368	4	88	109.2	6	0	4	2	0	6	1.3	0.8
PZE-104137686	4	89	111	3	0	0	3	0	6.3	0	1
PZE-104139877	4	90	111.9	2	0	0	2	0	4.1	0	1
PZE-104143542	4	92	113.9	1	0	0	1	0	4.5	0	1
PZE-104140347	4	93	115.3	19	0	0	19	0	6.1	0.5	0.9
PZE-104149854	4	98	121.7	4	0	0	4	0	6.2	-0.7	1.1
PZE-105002659	5	4	5.7	7	0	0	6	1	5.5	-0.7	1.1
PZE-105003736	5	5	7.3	1	0	0	0	1	4.1	-3.1	1.8
PZE-105047221	5	38	56.5	1	0	1	0	0	5.6	-0.6	1.1
PZE-105061593	5	39	58.1	2	0	2	0	0	6.7	1	0.9
PZE-105063667	5	41	60.8	25	0	2	0	23	4.7	3.5	0.3
PZA00626.3	5	42	61.9	1	0	0	1	0	6.1	0	1
PZE-105070603	5	43	62.2	1	0	0	1	0	7.2	0	1
PZE-105163439	5	85	113.2	1	0	0	1	0	4.1	0	1
PZE-106000117	6	1	0	1	0	0	0	1	3.9	1.8	0.5
PZE-106001656	6	3	2.6	1	0	0	1	0	5	0	1
PZE-106004401	6	5	5.4	1	0	0	0	1	4.2	-6	2.4
PZE-106006805	6	6	6.8	1	0	0	1	0	5.9	0	1
PZE-106006537	6	7	7.9	2	0	0	0	2	5	1.3	0.7
PZE-106044620	6	18	20.4	15	0	0	0	15	4.8	-1.4	1.3
PZE-106049631	6	24	28.3	1	0	0	0	1	3.2	-3	1.9
PZE-106051814	6	26	31.1	1	0	0	0	1	5.2	-2.9	1.6
PZE-106058286	6	30	36.2	2	0	0	0	2	3.6	-1.4	1.4
PZE-106056597	6	32	38.6	1	0	0	0	1	4.1	1.3	0.7
PZE-106060612	6	35	41.9	1	0	0	0	1	3.9	3.9	0
PZE-106061055	6	37	43.8	1	0	0	0	1	3.4	-1.3	1.4
PZE-107003187	7	5	7.8	2	0	0	0	2	3.3	-1.5	1.5
PZE-107072440	7	46	64	1	0	0	0	1	4.5	1.1	0.8
PZE-107072122	7	47	66.1	2	0	0	2	0	6.8	0.3	1
PZE-107078209	7	52	71.3	1	0	1	0	0	8.8	-7.2	1.8
PZE-107083378	7	53	72.7	1	0	0	0	1	3.9	13.4	-2.4
PZE-107084006	7	56	76.5	1	0	0	1	0	6.9	0	1
PZE-107084721	7	57	77	15	0	6	9	0	7.7	2.9	0.6
PZE-107093975	7	58	77.7	30	0	5	23	2	8.3	-0.2	1
PZE-107097289	7	60	79.9	7	0	0	7	0	7.1	1.8	0.7
PZE-107109969	7	64	84.5	1	0	1	0	0	8.5	0.4	1
PZE-107113484	7	66	88.2	9	0	0	1	8	5.8	6.6	-0.1
PZE-107116723	7	68	91.6	1	0	1	0	0	10.2	0.5	1
PZE-107119249	7	71	95.1	4	0	0	0	4	4.6	-0.4	1.1
PZE-107125313	7	76	104.7	1	0	1	0	0	7.3	2.2	0.7
PZE-108002202	8	4	4.8	11	0	11	0	0	4.8	3.4	0.3
PZE-108009888	8	18	25.1	5	0	0	0	5	7.8	5.7	0.3
PZE-108011044	8	19	26.5	2	0	2	0	0	15.6	6.6	0.6
PZE-108012841	8	21	28.8	3	0	3	0	0	14.1	2.5	0.8
PZE-108013355	8	23	31.5	1	0	0	1	0	11.2	0	1
PZE-108015266	8	24	33.2	3	0	3	0	0	16	4.5	0.7
PZE-108015742	8	25	34	11	0	11	0	0	11.9	7.6	0.4
PZE-108016622	8	26	35.2	24	0	24	0	0	13.3	11	0.2
PZE-108017647	8	27	37	19	0	4	11	4	10.4	5.7	0.5
PZE-108018114	8	28	38.7	4	0	3	0	1	12	2.2	0.8
PZE-108019862	8	29	39.3	13	0	12	0	1	13.5	4.3	0.7
PZE-108025613	8	32	43.1	1	0	0	0	1	6.4	1.3	0.8
PZE-108042026	8	33	44.4	1	0	0	0	1	5.8	3.6	0.4
PZE-108042286	8	34	45.7	6	0	4	2	0	11.7	7.2	0.4
PZE-108044274	8	35	46.7	3	0	0	0	3	6.7	7.2	-0.1
PZE-108048156	8	36	47.1	1	0	0	0	1	8.2	13.9	-0.7
PZE-108055224	8	38	50.2	1	0	0	0	1	8.6	4.1	0.5
PZE-108058213	8	39	51.1	1	0	1	0	0	11.2	-8.7	1.8
PZE-108058098	8	40	51.7	1	0	0	0	1	8.2	8	0
PZE-108079420	8	57	72	2	0	0	0	2	3.2	6.6	-1.1
PZE-108096609	8	64	79.1	2	0	0	2	0	4.2	0	1
PZE-108106212	8	67	82.9	1	0	0	0	1	3.7	-3.1	1.8
PZE-108110041	8	69	85.7	1	0	0	0	1	3.5	-2.7	1.8
PZE-108113562	8	71	88.3	1	0	0	0	1	3.4	1.3	0.6
PZE-109077374	9	51	63.3	1	0	0	1	0	9.1	0	1
PZE-109080508	9	53	65.4	43	0	0	0	43	7.8	5.1	0.3
PZE-109091272	9	57	70.4	7	0	1	6	0	10.5	2.7	0.7
PZE-109093779	9	58	71.6	39	0	39	0	0	10.1	5.5	0.5
PZE-109092156	9	59	72.3	7	0	7	0	0	10.5	0.1	1
PZE-109096003	9	61	74.6	1	0	0	0	1	3.7	2.6	0.3
PZE-110008028	10	11	22.6	1	0	1	0	0	7.1	10.4	-0.5
PZE-110008044	10	12	23.9	24	0	24	0	0	8.4	5.5	0.3
PZE-110009032	10	13	24	13	0	13	0	0	8.4	5.2	0.4
PZE-110009618	10	14	25.7	2	0	2	0	0	9.2	4.7	0.5
PZE-110014876	10	22	36.4	21	0	21	0	0	9.4	5.5	0.4
PZE-110013774	10	23	36.8	10	0	10	0	0	9.2	6.2	0.3
