mk.names	chr	pos.ind	pos.cM	N	p.ts	p.vs	bias
PZE-101124014	1	72	79	1	7.6	2.9	0.6
PZE-101129171	1	73	80.1	1	6.8	8.5	-0.2
PZE-101129154	1	74	80.2	10	8.2	-1.4	1.2
PZE-101129681	1	75	81.3	6	7.4	2	0.7
PZE-101134461	1	76	82.7	1	7.5	-11.3	2.5
PZE-101140678	1	79	85.5	2	6.1	5.5	0.1
PZE-101166092	1	94	102.1	1	5.4	0.5	0.9
PZE-101182128	1	111	119.3	1	4.7	-2	1.4
PZE-101184638	1	112	121	2	12.3	7	0.4
PZE-101189338	1	114	122.5	1	7.3	7.4	0
PZE-101187227	1	115	123.7	37	12.6	8.6	0.3
PZE-101189687	1	116	124.4	15	14.1	5.9	0.6
PZE-101196460	1	120	128.5	1	7.9	2.3	0.7
PZE-101196337	1	122	130.4	12	13.7	10.1	0.3
PZE-101199192	1	123	132	1	7.5	3	0.6
PZE-101199017	1	125	133.8	21	12.9	12.5	0
PZE-101205734	1	127	136.4	1	13.4	7.6	0.4
PZE-101205523	1	128	136.8	2	9.9	13.2	-0.3
PZE-101208550	1	130	139.6	7	12.1	0.9	0.9
PZE-101211929	1	133	142.9	1	4.6	9.1	-1
PZE-101213727	1	135	144.9	1	5.9	-0.8	1.1
PZE-101230194	1	140	149.8	1	4.3	-8.2	2.9
PZE-101238451	1	148	159	2	5	1.1	0.8
PZE-101235852	1	149	159.7	2	5.2	0.3	0.9
PZE-101239143	1	151	162	2	5	-0.4	1.1
PZE-103046325	3	38	47.5	2	5.7	-8.4	2.5
PZE-103055650	3	39	48.5	1	6.4	-2.1	1.3
PZE-103104752	3	59	68.9	1	5.3	4	0.2
PZE-103107305	3	61	70.9	1	7.9	-9.4	2.2
PZE-103109369	3	63	73.4	1	4.6	1	0.8
PZE-103121861	3	72	83.3	2	7.3	-5.7	1.8
PZE-103125025	3	74	85.7	1	7.1	4	0.4
PZE-103123019	3	75	86.3	4	7.1	-4.1	1.6
PZE-103132648	3	81	92.6	1	9.8	-7.8	1.8
PZA00099.6	3	82	93.7	5	6.5	3.2	0.5
PZA00303.21	3	83	95.2	4	7.7	-2.9	1.4
PZE-103147207	3	91	103.4	3	6.1	-2.1	1.3
PZE-103146632	3	92	105.2	1	4.7	4.2	0.1
PZE-103154161	3	96	109.5	2	5.8	0.7	0.9
PZE-103184380	3	128	146.9	2	7.7	-3.8	1.5
PZE-104069761	4	45	55	6	6.5	-3	1.5
PZE-104076572	4	46	56.5	1	6	0.7	0.9
PZE-104076990	4	47	56.9	1	6.9	-3.5	1.5
PZE-104081748	4	49	59.4	2	7.1	-0.2	1
PZE-104079825	4	50	59.8	1	9.9	-1.2	1.1
PZE-104086676	4	53	63.3	1	7.6	7	0.1
PZE-104112313	4	81	93.9	1	6.8	-5.9	1.9
PZE-105000613	5	1	0.9	1	5.3	-5.6	2.1
PZE-105003938	5	4	6.6	2	7.1	-5.2	1.7
PZE-105004767	5	6	7.7	1	5	-2.8	1.6
PZE-105059355	5	44	58.9	1	7	-1.8	1.3
PZE-105069022	5	47	62.3	1	6.1	-5.5	1.9
PZE-106039880	6	16	17.1	3	9.3	7.6	0.2
PZE-106040089	6	17	18.1	1	9.7	-1.8	1.2
PZE-106041751	6	18	19.1	5	10.3	-2.4	1.2
PZE-106040890	6	19	19.4	7	8.9	3	0.7
PZE-106042795	6	20	20.6	1	8.7	4.6	0.5
PZE-106045060	6	22	22.8	3	8.2	-1.3	1.2
PZE-106048055	6	26	26.7	1	9.2	5.6	0.4
PZE-106050388	6	27	28.4	6	7.9	2.7	0.7
PZE-106050123	6	28	28.9	4	8.5	1.8	0.8
PZE-106053072	6	29	31	1	6.5	-2.1	1.3
PZE-106056597	6	36	38.6	2	9.8	-6.3	1.6
PZE-106059969	6	37	39.5	5	8.9	2.6	0.7
PZE-106060570	6	38	40.9	3	8.9	1.9	0.8
PZE-106060535	6	39	41.7	11	9.4	0.2	1
PZE-106062474	6	40	43.1	2	7.7	2.3	0.7
PZE-106062326	6	41	44.5	1	7.7	2	0.7
PZE-106065285	6	43	46.9	1	9.3	-16.7	2.8
PZE-106103896	6	74	81.2	1	7.7	0.7	0.9
PZE-106103665	6	75	82.2	1	7.8	-3.3	1.4
PZE-107000121	7	1	0.3	1	6.2	-4.6	1.7
PZE-107001156	7	3	2.7	1	5.3	-4.3	1.8
PZE-107021022	7	32	42.5	1	11	-0.1	1
PZE-107023670	7	34	44.1	2	8.4	2.3	0.7
PZE-107064215	7	42	52.7	2	6.5	0.7	0.9
PZE-107063357	7	43	53.7	5	9.4	5.9	0.4
PZE-107063166	7	44	54.7	1	7.1	8.7	-0.2
PZE-107070986	7	48	59.2	6	10.6	2.8	0.7
PZB01186.3	7	49	60.1	21	9.3	4.6	0.5
PZA03477.1	7	50	60.9	4	9.9	4.3	0.6
PZE-107069959	7	51	62	14	9.2	5.2	0.4
PZE-107072681	7	52	63.2	3	8.5	5.4	0.4
PZE-107072025	7	53	63.9	1	8.3	2.2	0.7
PZE-107073395	7	55	65.9	15	9.5	1.1	0.9
PZE-107076052	7	58	69.1	1	8.5	-4.3	1.5
PZE-108002130	8	3	3.3	1	5.8	4.9	0.2
PZE-108006522	8	13	17.3	1	6.8	2.7	0.6
PZE-108007014	8	14	18.6	1	9	-7.3	1.8
PZE-108008540	8	16	20.9	1	6.4	-6.6	2
PZE-108009299	8	17	22.4	2	6.9	-7	2
PZE-108011044	8	20	26.5	1	6.1	-0.2	1
PZE-108011830	8	22	28.2	2	6.2	-2	1.3
PZE-108015266	8	25	33.2	1	4.3	-0.7	1.2
PZE-108058098	8	42	51.7	1	4.4	-0.2	1
PZE-108060440	8	44	53.3	3	7.2	3.2	0.6
PZE-108080140	8	62	72.3	1	6.9	0.6	0.9
PZE-108082079	8	63	73.4	1	7.8	0.1	1
PZE-109021389	9	37	44.4	1	4.6	6.7	-0.5
PZE-109037900	9	42	49.7	2	7.2	-0.5	1.1
PZE-109083369	9	57	64.8	2	7.8	5.4	0.3
PZE-109085819	9	58	65.8	1	5.8	7.3	-0.3
PZE-109086097	9	59	66.4	9	10.3	7.8	0.2
PZE-109087846	9	60	67.9	73	10.1	8	0.2
PZE-109091272	9	62	70.4	7	9.9	6.7	0.3
PZE-109097315	9	68	76.8	1	6.1	6.2	0
PZE-109114072	9	88	103.4	1	5.4	-0.5	1.1
PZE-109117925	9	93	110.8	1	8.8	-9.8	2.1
