mk.names	chr	pos.ind	pos.cM	N	p.ts	p.vs	bias
PZE-101154647	1	76	93.2	1	14.6	1.5	0.9
PZE-101238451	1	131	159	2	8.8	14.1	-0.6
PZE-102000848	2	1	0.1	1	9.2	-8	1.9
PZE-102000302	2	2	1.2	1	11.9	-17.3	2.5
PZE-102140935	2	68	86.1	2	15.3	-1	1.1
PZE-102143316	2	69	88.2	1	8.6	11.3	-0.3
PZE-102144430	2	70	89.4	3	13.6	1.7	0.9
PZE-102147862	2	73	92.3	4	13	-3.3	1.3
PZE-102152341	2	76	96.3	1	13.5	-6.6	1.5
PZE-102175641	2	91	114.9	1	11.2	-14	2.2
PZE-102186773	2	100	126.6	1	7.8	1.7	0.8
PZE-105181381	5	97	134.6	8	9.2	1.2	0.9
PZE-106000112	6	1	0	43	18.4	8.7	0.5
PZE-106006691	6	7	7.4	4	12	12.3	0
PZE-106008513	6	9	11.3	2	20.4	-2.8	1.1
PZE-106038001	6	15	16.9	4	11.9	13.9	-0.2
PZE-106041256	6	16	18.7	8	9.2	15.1	-0.6
PZE-106046440	6	21	24.8	1	6.3	1.9	0.7
PZE-106046852	6	22	25.3	1	6.9	-30.3	5.4
PZE-107063951	7	38	53.6	7	14	-2.9	1.2
PZE-107068659	7	42	59.2	1	17.1	5.8	0.7
PZE-107067415	7	43	59.7	6	15.6	5.3	0.7
PZE-107072440	7	47	64	3	12.7	0.5	1
PZE-107073395	7	48	65.9	2	14	-7.2	1.5
PZE-108022547	8	32	42.6	9	17.8	20.1	-0.1
PZE-108023009	8	33	42.9	25	15.4	12.2	0.2
PZE-108030712	8	34	44.9	13	15.6	13.3	0.1
PZE-108028178	8	35	45.2	2	14.8	18	-0.2
PZE-108054494	8	39	50.5	2	13.7	-5.4	1.4
PZE-108059497	8	43	54.4	1	22.8	-4	1.2
PZE-108061060	8	44	55.5	13	17.4	12.6	0.3
PZE-108066339	8	48	60.2	1	15.3	2.7	0.8
PZE-108068729	8	50	62.4	1	8.9	3.8	0.6
PZE-108127997	8	85	111.9	2	9.3	11.5	-0.2
PZE-109093779	9	58	71.6	1	12.4	-8.6	1.7
PZE-109096235	9	60	74.4	2	9.8	15.1	-0.5
