mk.names	chr	pos.ind	pos.cM	N	p.ts	p.vs	bias
PZE-101029123	1	29	34.4	1	14.7	-3.9	1.3
PZE-101033968	1	34	39	1	13.9	13.1	0.1
PZE-101037244	1	36	41.3	1	11.8	3.9	0.7
PZE-101056687	1	45	50.5	1	14.4	-3.8	1.3
PZE-101081178	1	59	65.5	1	11.2	-6.9	1.6
PZE-101082552	1	60	66.6	1	12.9	22.4	-0.7
PZE-101153599	1	86	92.7	1	6.4	4.9	0.2
PZE-101170828	1	99	106.4	1	14.6	-1.1	1.1
PZE-101180531	1	110	118.4	4	12.9	2.9	0.8
PZE-101184638	1	112	121	5	13.9	8.1	0.4
PZE-101190874	1	117	126.1	1	12.6	-1.6	1.1
PZE-101196460	1	120	128.5	19	14.7	11	0.3
PZE-101196337	1	122	130.4	1	14.4	-1.9	1.1
PZE-101205523	1	128	136.8	1	21.6	14.1	0.3
PZE-101209857	1	132	142	2	14.9	7.8	0.5
PZE-101211929	1	133	142.9	3	16.2	1.7	0.9
PZE-101216712	1	134	144	8	17	8.3	0.5
PZE-101214116	1	137	147.1	2	17	7.1	0.6
PZE-101238451	1	148	159	1	9.1	11.1	-0.2
PZE-101235852	1	149	159.7	10	13.8	2.6	0.8
PZE-102000848	2	1	0.1	1	11.6	21.8	-0.9
PZE-102024868	2	25	32.4	9	13.3	5.2	0.6
PZE-102035884	2	31	42	1	16	-15.3	2
PZE-102064002	2	48	60	2	12	6.4	0.5
PZE-102065225	2	49	61	7	14.1	-4.8	1.3
PZE-102070988	2	51	63.2	1	16.9	1.3	0.9
PZE-103116584	3	68	78.9	2	15	-7.2	1.5
PZE-103120639	3	70	80.5	1	11.7	-2	1.2
PZE-103173540	3	113	129.3	5	12.9	6.9	0.5
PZE-103183711	3	126	144.5	2	13.3	1.7	0.9
PZE-103184380	3	128	146.9	1	8.4	-10.5	2.2
PZE-103185158	3	129	148.1	3	14.2	8.9	0.4
PZE-103186544	3	131	149.7	2	14.7	-1	1.1
PZE-106009322	6	11	11.8	1	11	10.4	0.1
PZE-106018436	6	12	12.6	3	14.6	0.2	1
PZE-106028794	6	13	13.2	2	14.1	1.3	0.9
PZE-106034377	6	14	15	3	12.7	-7.1	1.6
PZE-106050388	6	27	28.4	1	10.2	-1.9	1.2
PZE-106053072	6	29	31	1	16.1	-0.7	1
PZE-106059969	6	37	39.5	1	15.1	2.9	0.8
PZE-107021022	7	32	42.5	1	9.7	-4.3	1.4
PZE-107055500	7	35	45.5	3	13.9	21.9	-0.6
PZE-107061406	7	39	49.3	1	14.5	-8.6	1.6
PZE-107066519	7	45	56.1	2	8.9	-4.8	1.5
PZE-107073395	7	55	65.9	2	12.6	10.4	0.2
PZE-108007014	8	14	18.6	1	12.1	-2.9	1.2
PZE-108008540	8	16	20.9	1	16.4	29	-0.8
PZE-108055224	8	40	50.2	1	12.9	7.8	0.4
PZE-108058098	8	42	51.7	2	12.9	11.5	0.1
PZE-108058478	8	43	53.2	1	11.2	5.6	0.5
PZE-108060440	8	44	53.3	4	11.5	9.3	0.2
PZE-108060455	8	46	55.5	2	13.3	17.4	-0.3
PZE-108071076	8	54	64.4	1	19.6	-11.4	1.6
PZE-108073768	8	56	66	1	14.9	2.3	0.8
PZE-108074608	8	57	67.4	2	13.2	0.1	1
