mk.names	chr	pos.ind	pos.cM	N	p.ts	p.vs	bias
PZE-102000302	2	2	1.2	2	4.3	-3.6	1.8
PZE-102007615	2	8	11.5	5	3.9	-1.2	1.3
PZE-102013863	2	12	18.7	11	4.4	-0.4	1.1
PZE-103102119	3	50	65.1	5	6	-2.1	1.4
PZE-103103362	3	52	67.4	32	6.2	2.4	0.6
PZE-103104158	3	55	70.1	1	4.5	8	-0.8
PZE-103114815	3	58	74.3	9	6.4	0.1	1
PZE-104081748	4	46	59.4	1	3.9	-4.1	2.1
PZE-104098895	4	59	74.7	1	4.7	-2.1	1.4
PZE-104105055	4	68	84.5	3	4.8	-5.7	2.2
PZE-105133893	5	66	87.4	2	4	-4.3	2.1
PZE-105177818	5	94	129.1	4	4	-1.3	1.3
PZE-105180267	5	96	133.4	1	3.3	3.3	0
PZE-105181974	5	98	136.3	8	4.4	-3.3	1.8
PZE-106000112	6	1	0	42	3.5	0.9	0.7
PZE-106006805	6	6	6.8	1	2.3	6.7	-1.9
PZE-106006691	6	7	7.4	1	8.6	19	-1.2
PZE-106008513	6	9	11.3	2	9.4	5.8	0.4
PZE-106036314	6	13	15.1	6	11.7	6.5	0.4
PZE-106036526	6	14	15.8	1	12.7	5.4	0.6
PZE-106041256	6	16	18.7	2	10.6	22.4	-1.1
PZE-106046440	6	21	24.8	79	8.7	8	0.1
PZE-106046852	6	22	25.3	2	6.6	11.1	-0.7
PZE-106051814	6	26	31.1	5	6.7	-2.4	1.4
PZE-107078697	7	53	70.9	19	9.4	7	0.3
PZE-107083379	7	54	72.7	21	11.8	10.5	0.1
PZE-107079722	7	55	73.1	1	9.3	19.3	-1.1
PZE-107085004	7	57	75.5	31	10.5	9.3	0.1
PZE-107094413	7	58	77.5	8	10.2	6.1	0.4
PZE-107093971	7	59	77.8	7	10.8	5.9	0.5
PZE-107102135	7	61	80.1	2	8.9	7	0.2
PZE-107116723	7	69	91.6	3	5.3	1	0.8
PZE-107118905	7	70	92.9	11	9	5.6	0.4
PZE-108011044	8	20	26.5	1	4.9	-5.6	2.1
PZE-108012648	8	23	29.4	1	3.1	1.8	0.4
PZE-108020824	8	31	41.2	4	5.7	3.6	0.4
PZE-108030712	8	34	44.9	49	7.2	1.8	0.8
PZE-108042918	8	36	46.2	12	6.9	5.1	0.3
PZE-108057325	8	40	51.5	4	7	-0.2	1
PZE-108074608	8	54	67.4	3	4.3	2.4	0.4
PZA03395.3	8	56	69.9	2	3.3	-1.5	1.5
PZE-108101784	8	66	81.1	2	3	-1.6	1.5
PZE-109024119	9	38	48.3	1	6.3	-9	2.4
PZE-109029553	9	40	50.6	2	7.7	9.1	-0.2
PZE-109057210	9	42	52.8	1	7.3	5.5	0.2
PZE-109080626	9	52	64.9	24	9	6.2	0.3
PZB01432.2	9	53	65.7	67	9.2	7	0.2
PZE-110008028	10	12	22.6	1	7.6	-7.1	1.9
PZE-110009907	10	16	27.2	1	5.6	-4.6	1.8
PZE-110009551	10	18	29.4	7	6.5	-3.1	1.5
PZE-110012360	10	19	32.5	13	6.4	3.7	0.4
PZE-110013212	10	22	36.5	1	7.6	-5.1	1.7
PZE-110061629	10	34	49.3	1	7	-2.5	1.4
PZE-110059392	10	36	52	14	6.1	-1.4	1.2
