mk.names	chr	pos.ind	pos.cM	N	p.ts	p.vs	bias
PZE-101019557	1	20	24.4	1	4	-4.5	2.1
PZE-101178330	1	108	116.3	24	2.8	-1	1.4
PZE-101189687	1	116	124.4	9	8.4	7.5	0.1
PZE-101205523	1	128	136.8	91	8.7	8.5	0
PZE-101253504	1	166	178.5	1	3.6	-4.5	2.2
PZE-103106913	3	62	71.9	2	5.7	-4.3	1.8
PZE-103115657	3	67	77.7	2	5.9	-8.2	2.4
PZE-103116584	3	68	78.9	1	4.3	-0.8	1.2
PZE-103125025	3	74	85.7	2	5.9	-0.6	1.1
PZE-103123019	3	75	86.3	2	4.7	0.9	0.8
PZE-103125630	3	77	88.5	2	4.9	5.6	-0.1
PZE-103128590	3	79	91.3	5	4.9	3	0.4
PZA00099.6	3	82	93.7	37	6.2	2.4	0.6
PZE-103184380	3	128	146.9	1	3.6	2.6	0.3
PZE-103185158	3	129	148.1	1	4.3	3.1	0.3
PZE-103186544	3	131	149.7	5	3.8	-2.8	1.7
PZE-104034112	4	42	52.4	1	3	-7.7	3.6
PZE-104069761	4	45	55	30	4.2	1.5	0.6
PZE-104076990	4	47	56.9	1	3.1	4.7	-0.5
PZE-104081748	4	49	59.4	1	3.9	5.4	-0.4
PZE-104086676	4	53	63.3	3	3.4	-0.7	1.2
PZE-104092823	4	57	67.6	1	5.4	-3.5	1.6
PZE-104093644	4	59	69.4	1	6	-6.7	2.1
PZE-104095745	4	61	71.5	1	5	-1.9	1.4
PZE-104104505	4	71	82.3	1	1.8	-6.5	4.6
PZE-105004767	5	6	7.7	3	3.2	-3.6	2.1
PZE-106034708	6	15	15.9	1	1.9	-1.7	1.9
PZE-106039880	6	16	17.1	3	6.7	3.6	0.5
PZE-106040089	6	17	18.1	1	5.6	6.3	-0.1
PZE-106041751	6	18	19.1	21	6.2	4.5	0.3
PZE-106040890	6	19	19.4	47	6.5	4.5	0.3
PZE-106048118	6	24	24.5	4	5.7	7.1	-0.2
PZE-106051814	6	30	31.1	1	5	11.4	-1.3
PZE-106060570	6	38	40.9	18	5.4	2	0.6
PZE-106060535	6	39	41.7	11	3.3	1	0.7
PZE-106062474	6	40	43.1	3	3.9	-2.7	1.7
PZE-106106430	6	76	83.2	1	2.3	0.2	0.9
PZE-107023670	7	34	44.1	12	7.4	5.4	0.3
PZE-107066645	7	47	58.2	20	8.8	5.7	0.4
PZA03477.1	7	50	60.9	24	8.9	5.8	0.3
PZE-107072681	7	52	63.2	44	8.9	6.5	0.3
PZE-108002130	8	3	3.3	7	4.7	-1.8	1.4
PZE-108005623	8	11	15.4	1	6.8	-7.4	2.1
PZE-108006522	8	13	17.3	1	3.3	1.1	0.7
PZE-108008540	8	16	20.9	1	5.7	-13	3.3
PZE-108009299	8	17	22.4	8	4.6	1.1	0.8
PZE-108009465	8	18	24.1	1	4.6	-1.9	1.4
PZE-108015266	8	25	33.2	4	5.4	-5.8	2.1
PZE-108018114	8	29	38.7	8	4.5	0.1	1
PZE-108019862	8	30	39.3	1	4	3.4	0.2
PZE-109025969	9	40	48	1	2	-1.2	1.6
PZB01963.1	9	41	48.6	7	5.6	-1.9	1.3
PZE-109037900	9	42	49.7	1	4.9	0.5	0.9
PZE-109070116	9	51	58.2	1	7.2	8.1	-0.1
PZE-109073072	9	54	61.8	1	6.4	1.9	0.7
PZE-109083369	9	57	64.8	14	6.9	2.9	0.6
PZE-109085819	9	58	65.8	13	6.3	7.7	-0.2
PZE-109086097	9	59	66.4	49	7.1	6.5	0.1
PZE-109087846	9	60	67.9	3	6.7	4.3	0.4
PZE-109089873	9	61	69.2	8	5.9	2.1	0.6
PZE-109091272	9	62	70.4	2	7.2	6.2	0.1
PZE-109097315	9	68	76.8	1	3.5	6.9	-1
