mk.names	chr	pos.ind	pos.cM	N	n.cr	n.par	n.anc	n.biall	p.ts	p.vs	bias
PZE-101219932	1	123	145.9	2	0	2	0	0	15.2	-4.9	1.3
PZE-101214818	1	124	146.9	1	0	0	0	1	7	11.7	-0.7
PZE-101227275	1	129	151.9	3	0	0	0	3	9.8	-30.3	4.1
PZE-101236600	1	134	157.6	1	0	0	1	0	11.4	-25.5	3.2
PZE-101239143	1	137	162	1	0	0	0	1	7.3	1.7	0.8
PZE-101242832	1	138	163.8	1	0	0	1	0	8.4	0	1
PZE-101247096	1	142	168.8	1	0	0	0	1	7.2	1.6	0.8
PZE-102024868	2	21	32.4	1	0	0	1	0	10.3	0	1
PZE-102036427	2	28	42.7	1	0	0	1	0	10.9	0	1
PZE-102039927	2	31	46.4	1	0	0	1	0	12.7	0	1
PZE-102064002	2	44	60	8	0	4	1	3	11.8	-11.6	2
PZE-102067031	2	45	61.4	8	0	5	3	0	13.3	-9.5	1.7
PZE-102072547	2	46	62.6	1	0	0	1	0	9.3	0	1
PZE-102143316	2	68	88.2	1	0	1	0	0	12.4	-35.2	3.8
PZE-102148280	2	73	93.6	1	0	1	0	0	11.7	3.5	0.7
PZE-102148393	2	74	95	5	0	5	0	0	13.6	-3	1.2
PZE-103070612	3	35	49.9	1	0	0	0	1	6.7	2.9	0.6
PZE-103087654	3	42	58	1	0	1	0	0	13.2	-3.4	1.3
PZE-103092415	3	43	59.1	1	0	1	0	0	13.4	-8.5	1.6
PZE-103102170	3	51	68.4	2	0	2	0	0	16.5	-3.2	1.2
PZD00007.1	3	52	69.5	2	0	0	2	0	13.7	0	1
PZE-103103922	3	53	70.3	4	0	0	0	4	8.2	9.2	-0.1
PZE-103110385	3	58	75.4	3	0	2	1	0	13.4	-2.5	1.2
PZE-103116584	3	60	78.9	8	0	0	0	8	9.7	5.9	0.4
PZE-103119152	3	62	81.3	4	0	0	0	4	7.9	4.7	0.4
PZE-103123331	3	65	84.7	2	0	0	0	2	8.1	0.3	1
PZE-103123615	3	66	85.3	15	0	0	0	15	8.7	7.2	0.2
PZE-103128590	3	71	91.3	14	0	1	0	13	9.9	2.4	0.8
PZA00099.6	3	73	93.7	3	0	0	2	1	11.5	15.7	-0.4
PZE-103151398	3	88	110.9	4	0	0	4	0	13.4	2.3	0.8
PZE-103154386	3	89	112.4	1	0	0	1	0	7.2	16.7	-1.3
PZE-103157194	3	90	113.6	1	0	1	0	0	13.7	-3.6	1.3
PZE-103163529	3	94	118.4	1	0	0	1	0	8	0	1
PZE-103179207	3	109	139.1	2	0	0	0	2	8.4	-12	2.4
PZE-103180686	3	110	141	1	0	0	1	0	12.6	0	1
PZE-103181243	3	111	142.4	1	0	0	1	0	15.4	-1.9	1.1
PZE-103181797	3	112	142.8	1	0	0	1	0	12	-9.2	1.8
PZE-103185158	3	116	148.1	5	0	0	0	5	10.1	-5.3	1.5
PZE-104079164	4	45	58	3	0	0	0	3	9.1	-8.8	2
PZE-104092823	4	53	67.6	1	0	0	0	1	6.2	-4.6	1.7
PZE-104151857	4	99	123.7	1	0	0	1	0	12.9	0	1
PZE-105011679	5	11	20.3	1	0	0	0	1	6.4	-3.5	1.5
PZE-105105267	5	46	65.9	8	0	4	4	0	13.6	2	0.9
PZE-105105422	5	47	67.3	2	0	0	2	0	14.1	0	1
PZE-105109045	5	49	69.6	2	0	0	2	0	14.6	0	1
PZE-105111492	5	50	70.5	3	0	1	2	0	16	0.2	1
PZE-105111323	5	51	70.9	3	0	2	1	0	16.4	0.2	1
PZE-105113106	5	52	72.3	1	0	1	0	0	12.7	-28.4	3.2
PZE-106001656	6	3	2.6	1	0	0	0	1	7.3	-13.5	2.8
PZE-106008513	6	9	11.3	1	0	0	0	1	7.1	-1.2	1.2
PZE-106018792	6	11	12.6	1	0	1	0	0	13.4	-21.1	2.6
PZE-106048524	6	22	25.5	1	0	1	0	0	13.6	14.5	-0.1
PZE-108002130	8	3	3.3	2	0	0	0	2	8.1	3.4	0.6
PZE-108003848	8	6	7.9	1	0	0	0	1	8.8	4.4	0.5
PZE-108009888	8	18	25.1	6	0	0	0	6	9.4	4.2	0.6
PZE-108011046	8	20	26.9	1	0	1	0	0	16.2	-3.6	1.2
PZE-108012841	8	21	28.8	1	0	0	1	0	17.4	6.8	0.6
PZE-108015742	8	25	34	2	0	2	0	0	14.2	14.7	0
PZE-108016622	8	26	35.2	1	0	1	0	0	16.8	18.1	-0.1
PZE-108018114	8	28	38.7	5	0	1	0	4	15.1	13.2	0.1
PZE-108019862	8	29	39.3	2	0	2	0	0	17.4	17.8	0
PZE-108044274	8	35	46.7	13	0	3	1	9	11.6	19.2	-0.7
PZE-108055224	8	38	50.2	2	0	0	0	2	11.8	28.2	-1.4
PZE-108058213	8	39	51.1	1	0	1	0	0	19	3.3	0.8
PZE-108058478	8	41	53.2	7	0	7	0	0	16.1	19.4	-0.2
PZE-108058577	8	42	53.8	9	0	9	0	0	18.6	12.2	0.3
PZE-108061060	8	43	55.5	42	0	42	0	0	15.9	12.3	0.2
PZE-108063241	8	45	57.2	4	0	1	0	3	11.9	10.9	0.1
PZE-108120391	8	79	98.6	8	0	0	8	0	9.4	0	1
PZE-108123038	8	82	103.2	2	0	0	0	2	7.1	-4.6	1.6
PZE-109106839	9	73	90.6	2	0	1	1	0	14.3	-7.5	1.5
PZE-109116158	9	84	106.6	3	0	0	0	3	8.1	-0.5	1.1
PZE-109116876	9	86	109.3	14	0	0	0	14	7.9	2.1	0.7
PZE-110083952	10	45	63.3	1	0	0	0	1	6.5	-5.2	1.8
PZE-110085769	10	47	65.6	1	0	0	0	1	8.5	-6.1	1.7
